8
30 13 5
18 17 8
14 13 15
27 12 14
23 11 5
12 16 8
26 29 5
27 16 15

100
1 13 10
2 8 5
3 9 11
4 6 14
5 15 2
6 14 14
7 4 13
8 8 7
9 6 4
10 5 14
11 7 3
12 3 8
13 3 7
14 15 7
15 11 6
16 14 2
17 13 9
18 10 3
19 8 3
20 10 6
21 15 12
22 11 15
23 7 11
24 5 13
25 3 2
26 12 5
27 14 6
28 3 15
29 5 15
30 3 8
31 6 9
32 12 15
33 7 4
34 7 7
35 5 12
36 6 13
37 12 12
38 3 11
39 12 4
40 10 13
41 5 4
42 9 8
43 6 12
44 13 10
45 5 12
46 7 15
47 14 14
48 2 5
49 15 2
50 14 7
51 8 6
52 3 5
53 11 13
54 7 5
55 12 9
56 8 12
57 9 4
58 6 4
59 5 13
60 10 10
61 6 13
62 11 8
63 11 8
64 7 5
65 4 10
66 9 3
67 14 2
68 15 3
69 4 12
70 4 14
71 12 8
72 11 3
73 8 8
74 11 9
75 10 6
76 10 15
77 2 12
78 13 3
79 12 10
80 14 6
81 14 12
82 7 3
83 6 8
84 4 9
85 2 13
86 13 6
87 10 14
88 4 10
89 3 15
90 12 6
91 15 12
92 10 11
93 5 4
94 7 14
95 4 10
96 14 10
97 2 11
98 7 9
99 2 3
100 7 15
