15
30 13 5
18 17 8
14 13 15
27 12 14
23 11 5
12 16 8
26 29 5
27 16 15
27 23 8
24 28 9
10 15 11
20 18 7
16 20 6
12 22 6
21 21 14

500
1 6 14
2 2 13
3 9 10
4 3 8
5 3 10
6 6 15
7 12 11
8 15 7
9 11 5
10 13 3
11 2 12
12 5 14
13 6 3
14 15 5
15 15 3
16 8 6
17 9 12
18 15 7
19 4 7
20 7 5
21 12 6
22 13 12
23 12 3
24 11 12
25 4 10
26 13 5
27 4 9
28 8 6
29 12 13
30 10 5
31 12 7
32 15 14
33 14 2
34 5 15
35 2 14
36 7 8
37 6 3
38 5 11
39 13 7
40 5 12
41 9 8
42 12 9
43 4 6
44 4 5
45 13 10
46 10 6
47 13 11
48 8 11
49 8 7
50 5 4
51 10 9
52 3 14
53 2 15
54 3 4
55 12 4
56 14 12
57 8 11
58 3 8
59 8 11
60 9 10
61 6 10
62 15 2
63 12 13
64 3 12
65 10 14
66 6 14
67 12 7
68 3 6
69 8 4
70 9 2
71 13 13
72 6 10
73 14 4
74 10 3
75 15 12
76 6 15
77 12 10
78 11 5
79 4 7
80 14 4
81 10 14
82 10 2
83 11 7
84 9 2
85 3 7
86 15 14
87 6 5
88 2 5
89 11 3
90 3 13
91 9 15
92 3 14
93 10 14
94 4 4
95 12 9
96 10 4
97 6 10
98 15 11
99 8 5
100 10 14
101 13 13
102 5 13
103 6 8
104 12 12
105 7 9
106 10 9
107 3 5
108 5 3
109 7 2
110 11 10
111 5 11
112 5 2
113 3 13
114 12 2
115 5 3
116 2 15
117 7 3
118 10 5
119 6 12
120 9 5
121 10 4
122 13 11
123 11 9
124 5 14
125 9 14
126 8 5
127 3 3
128 12 8
129 7 8
130 8 9
131 15 13
132 2 12
133 12 12
134 3 2
135 8 13
136 7 14
137 15 3
138 5 5
139 5 10
140 9 4
141 8 4
142 6 9
143 5 15
144 3 9
145 14 15
146 15 10
147 3 2
148 12 10
149 15 2
150 3 14
151 15 5
152 4 8
153 9 9
154 5 15
155 8 2
156 4 8
157 2 8
158 6 14
159 14 9
160 6 8
161 13 13
162 14 10
163 12 13
164 9 4
165 5 6
166 5 2
167 11 13
168 10 2
169 13 7
170 2 2
171 11 9
172 10 15
173 10 4
174 2 10
175 3 15
176 4 3
177 11 3
178 12 15
179 5 8
180 3 11
181 5 11
182 11 2
183 11 3
184 8 12
185 11 11
186 10 7
187 6 5
188 12 13
189 7 5
190 6 8
191 4 12
192 12 6
193 9 7
194 14 3
195 2 9
196 11 11
197 3 3
198 10 5
199 10 6
200 4 7
201 3 5
202 7 6
203 4 9
204 15 10
205 13 6
206 11 14
207 12 10
208 2 12
209 15 10
210 6 12
211 3 4
212 6 3
213 3 13
214 10 4
215 6 6
216 11 5
217 13 7
218 5 12
219 12 15
220 6 10
221 9 6
222 15 2
223 3 12
224 8 15
225 6 2
226 2 7
227 14 4
228 12 6
229 4 13
230 9 10
231 13 8
232 10 2
233 3 3
234 13 4
235 10 2
236 15 7
237 11 10
238 4 8
239 4 2
240 6 7
241 14 15
242 2 7
243 5 12
244 5 12
245 3 7
246 14 10
247 15 8
248 11 13
249 4 5
250 15 4
251 14 14
252 4 8
253 2 4
254 13 7
255 14 8
256 14 12
257 15 13
258 14 5
259 6 4
260 14 13
261 3 8
262 15 2
263 15 9
264 5 5
265 15 9
266 7 6
267 15 14
268 15 5
269 5 2
270 12 5
271 8 7
272 6 15
273 3 14
274 6 7
275 12 10
276 8 12
277 15 10
278 7 2
279 3 6
280 4 11
281 6 2
282 3 11
283 8 7
284 13 14
285 7 8
286 11 10
287 3 8
288 11 5
289 6 2
290 13 8
291 2 10
292 14 10
293 12 13
294 13 13
295 12 5
296 7 8
297 3 12
298 7 11
299 7 12
300 15 3
301 13 6
302 10 6
303 12 8
304 7 8
305 13 6
306 10 4
307 5 8
308 12 8
309 12 13
310 4 11
311 11 6
312 8 10
313 15 2
314 6 6
315 5 8
316 14 11
317 11 12
318 7 9
319 9 9
320 12 5
321 10 9
322 14 14
323 13 4
324 12 3
325 6 10
326 12 12
327 11 7
328 3 15
329 14 5
330 12 6
331 5 14
332 5 4
333 2 2
334 5 9
335 11 15
336 14 3
337 9 8
338 12 11
339 5 13
340 13 8
341 9 8
342 5 4
343 12 13
344 2 14
345 15 14
346 3 14
347 8 5
348 4 14
349 13 10
350 9 2
351 10 5
352 15 3
353 9 4
354 14 9
355 12 10
356 10 11
357 7 14
358 9 11
359 15 13
360 10 8
361 15 10
362 9 4
363 13 15
364 9 9
365 6 14
366 5 15
367 12 6
368 14 14
369 10 9
370 12 5
371 6 9
372 3 13
373 6 5
374 6 7
375 7 10
376 3 4
377 4 5
378 8 13
379 4 13
380 5 3
381 8 8
382 7 10
383 9 8
384 2 5
385 15 8
386 8 14
387 11 13
388 2 15
389 14 11
390 8 9
391 2 7
392 6 14
393 8 15
394 15 8
395 10 13
396 13 10
397 14 11
398 5 9
399 5 6
400 8 9
401 2 8
402 7 12
403 12 14
404 8 13
405 4 15
406 9 4
407 11 10
408 2 8
409 11 11
410 12 2
411 3 12
412 8 4
413 15 9
414 4 2
415 6 8
416 7 5
417 9 7
418 7 14
419 8 6
420 14 15
421 8 6
422 15 3
423 9 2
424 13 10
425 2 7
426 5 12
427 3 14
428 12 2
429 14 2
430 5 5
431 15 2
432 11 4
433 5 4
434 9 12
435 3 11
436 5 9
437 13 6
438 14 7
439 4 11
440 11 13
441 13 3
442 14 15
443 4 6
444 3 11
445 2 6
446 11 12
447 8 8
448 13 5
449 3 11
450 13 15
451 12 5
452 3 13
453 14 6
454 15 12
455 11 14
456 3 14
457 11 14
458 2 7
459 10 8
460 12 7
461 3 10
462 12 7
463 2 15
464 8 15
465 9 3
466 8 7
467 12 15
468 9 13
469 4 8
470 4 13
471 10 12
472 6 11
473 14 10
474 14 9
475 9 8
476 15 13
477 11 6
478 7 15
479 5 15
480 3 6
481 9 5
482 14 9
483 11 11
484 12 8
485 7 2
486 9 15
487 7 4
488 9 5
489 7 14
490 6 7
491 6 11
492 13 6
493 10 2
494 10 5
495 3 5
496 13 8
497 9 10
498 14 5
499 13 9
500 12 13
