20
30 13 5
18 17 8
14 13 15
27 12 14
23 11 5
12 16 8
26 29 5
27 16 15
27 23 8
24 28 9
10 15 11
20 18 7
16 20 6
12 22 6
21 21 14
18 11 12
27 13 11
12 27 9
30 29 10
28 16 6

1000
1 2 12
2 5 14
3 6 3
4 15 5
5 15 3
6 8 6
7 9 12
8 15 7
9 4 7
10 7 5
11 12 6
12 13 12
13 12 3
14 11 12
15 4 10
16 13 5
17 4 9
18 8 6
19 12 13
20 10 5
21 12 7
22 15 14
23 14 2
24 5 15
25 2 14
26 7 8
27 6 3
28 5 11
29 13 7
30 5 12
31 9 8
32 12 9
33 4 6
34 4 5
35 13 10
36 10 6
37 13 11
38 8 11
39 8 7
40 5 4
41 10 9
42 3 14
43 2 15
44 3 4
45 12 4
46 14 12
47 8 11
48 3 8
49 8 11
50 9 10
51 6 10
52 15 2
53 12 13
54 3 12
55 10 14
56 6 14
57 12 7
58 3 6
59 8 4
60 9 2
61 13 13
62 6 10
63 14 4
64 10 3
65 15 12
66 6 15
67 12 10
68 11 5
69 4 7
70 14 4
71 10 14
72 10 2
73 11 7
74 9 2
75 3 7
76 15 14
77 6 5
78 2 5
79 11 3
80 3 13
81 9 15
82 3 14
83 10 14
84 4 4
85 12 9
86 10 4
87 6 10
88 15 11
89 8 5
90 10 14
91 13 13
92 5 13
93 6 8
94 12 12
95 7 9
96 10 9
97 3 5
98 5 3
99 7 2
100 11 10
101 5 11
102 5 2
103 3 13
104 12 2
105 5 3
106 2 15
107 7 3
108 10 5
109 6 12
110 9 5
111 10 4
112 13 11
113 11 9
114 5 14
115 9 14
116 8 5
117 3 3
118 12 8
119 7 8
120 8 9
121 15 13
122 2 12
123 12 12
124 3 2
125 8 13
126 7 14
127 15 3
128 5 5
129 5 10
130 9 4
131 8 4
132 6 9
133 5 15
134 3 9
135 14 15
136 15 10
137 3 2
138 12 10
139 15 2
140 3 14
141 15 5
142 4 8
143 9 9
144 5 15
145 8 2
146 4 8
147 2 8
148 6 14
149 14 9
150 6 8
151 13 13
152 14 10
153 12 13
154 9 4
155 5 6
156 5 2
157 11 13
158 10 2
159 13 7
160 2 2
161 11 9
162 10 15
163 10 4
164 2 10
165 3 15
166 4 3
167 11 3
168 12 15
169 5 8
170 3 11
171 5 11
172 11 2
173 11 3
174 8 12
175 11 11
176 10 7
177 6 5
178 12 13
179 7 5
180 6 8
181 4 12
182 12 6
183 9 7
184 14 3
185 2 9
186 11 11
187 3 3
188 10 5
189 10 6
190 4 7
191 3 5
192 7 6
193 4 9
194 15 10
195 13 6
196 11 14
197 12 10
198 2 12
199 15 10
200 6 12
201 3 4
202 6 3
203 3 13
204 10 4
205 6 6
206 11 5
207 13 7
208 5 12
209 12 15
210 6 10
211 9 6
212 15 2
213 3 12
214 8 15
215 6 2
216 2 7
217 14 4
218 12 6
219 4 13
220 9 10
221 13 8
222 10 2
223 3 3
224 13 4
225 10 2
226 15 7
227 11 10
228 4 8
229 4 2
230 6 7
231 14 15
232 2 7
233 5 12
234 5 12
235 3 7
236 14 10
237 15 8
238 11 13
239 4 5
240 15 4
241 14 14
242 4 8
243 2 4
244 13 7
245 14 8
246 14 12
247 15 13
248 14 5
249 6 4
250 14 13
251 3 8
252 15 2
253 15 9
254 5 5
255 15 9
256 7 6
257 15 14
258 15 5
259 5 2
260 12 5
261 8 7
262 6 15
263 3 14
264 6 7
265 12 10
266 8 12
267 15 10
268 7 2
269 3 6
270 4 11
271 6 2
272 3 11
273 8 7
274 13 14
275 7 8
276 11 10
277 3 8
278 11 5
279 6 2
280 13 8
281 2 10
282 14 10
283 12 13
284 13 13
285 12 5
286 7 8
287 3 12
288 7 11
289 7 12
290 15 3
291 13 6
292 10 6
293 12 8
294 7 8
295 13 6
296 10 4
297 5 8
298 12 8
299 12 13
300 4 11
301 11 6
302 8 10
303 15 2
304 6 6
305 5 8
306 14 11
307 11 12
308 7 9
309 9 9
310 12 5
311 10 9
312 14 14
313 13 4
314 12 3
315 6 10
316 12 12
317 11 7
318 3 15
319 14 5
320 12 6
321 5 14
322 5 4
323 2 2
324 5 9
325 11 15
326 14 3
327 9 8
328 12 11
329 5 13
330 13 8
331 9 8
332 5 4
333 12 13
334 2 14
335 15 14
336 3 14
337 8 5
338 4 14
339 13 10
340 9 2
341 10 5
342 15 3
343 9 4
344 14 9
345 12 10
346 10 11
347 7 14
348 9 11
349 15 13
350 10 8
351 15 10
352 9 4
353 13 15
354 9 9
355 6 14
356 5 15
357 12 6
358 14 14
359 10 9
360 12 5
361 6 9
362 3 13
363 6 5
364 6 7
365 7 10
366 3 4
367 4 5
368 8 13
369 4 13
370 5 3
371 8 8
372 7 10
373 9 8
374 2 5
375 15 8
376 8 14
377 11 13
378 2 15
379 14 11
380 8 9
381 2 7
382 6 14
383 8 15
384 15 8
385 10 13
386 13 10
387 14 11
388 5 9
389 5 6
390 8 9
391 2 8
392 7 12
393 12 14
394 8 13
395 4 15
396 9 4
397 11 10
398 2 8
399 11 11
400 12 2
401 3 12
402 8 4
403 15 9
404 4 2
405 6 8
406 7 5
407 9 7
408 7 14
409 8 6
410 14 15
411 8 6
412 15 3
413 9 2
414 13 10
415 2 7
416 5 12
417 3 14
418 12 2
419 14 2
420 5 5
421 15 2
422 11 4
423 5 4
424 9 12
425 3 11
426 5 9
427 13 6
428 14 7
429 4 11
430 11 13
431 13 3
432 14 15
433 4 6
434 3 11
435 2 6
436 11 12
437 8 8
438 13 5
439 3 11
440 13 15
441 12 5
442 3 13
443 14 6
444 15 12
445 11 14
446 3 14
447 11 14
448 2 7
449 10 8
450 12 7
451 3 10
452 12 7
453 2 15
454 8 15
455 9 3
456 8 7
457 12 15
458 9 13
459 4 8
460 4 13
461 10 12
462 6 11
463 14 10
464 14 9
465 9 8
466 15 13
467 11 6
468 7 15
469 5 15
470 3 6
471 9 5
472 14 9
473 11 11
474 12 8
475 7 2
476 9 15
477 7 4
478 9 5
479 7 14
480 6 7
481 6 11
482 13 6
483 10 2
484 10 5
485 3 5
486 13 8
487 9 10
488 14 5
489 13 9
490 12 13
491 9 9
492 14 2
493 3 6
494 5 8
495 13 5
496 6 12
497 11 7
498 9 10
499 10 7
500 8 13
501 10 7
502 7 13
503 9 6
504 6 6
505 5 3
506 13 5
507 7 3
508 13 10
509 14 13
510 4 5
511 5 13
512 9 6
513 13 11
514 14 10
515 11 6
516 3 15
517 5 6
518 5 7
519 4 6
520 2 13
521 10 4
522 6 2
523 2 10
524 6 13
525 4 12
526 15 14
527 9 3
528 15 2
529 11 6
530 9 9
531 9 7
532 4 2
533 6 15
534 9 3
535 15 3
536 8 9
537 3 11
538 12 12
539 2 4
540 4 14
541 11 6
542 3 5
543 3 10
544 14 8
545 11 11
546 14 11
547 5 14
548 10 8
549 9 9
550 6 15
551 11 8
552 6 11
553 11 2
554 11 13
555 3 14
556 5 12
557 5 6
558 12 3
559 4 5
560 4 10
561 3 4
562 2 8
563 9 13
564 11 9
565 6 2
566 5 6
567 13 6
568 13 15
569 9 3
570 12 5
571 6 14
572 14 12
573 11 12
574 14 5
575 8 3
576 10 5
577 12 4
578 6 15
579 4 3
580 2 4
581 14 6
582 11 13
583 15 11
584 6 9
585 3 9
586 13 6
587 13 8
588 6 10
589 10 9
590 9 3
591 11 2
592 8 13
593 7 11
594 6 2
595 3 5
596 12 15
597 15 11
598 11 2
599 14 12
600 15 6
601 11 2
602 14 14
603 4 9
604 10 12
605 9 6
606 4 11
607 8 12
608 15 9
609 3 9
610 7 8
611 7 7
612 12 3
613 15 4
614 7 8
615 13 9
616 6 12
617 8 15
618 14 10
619 2 9
620 3 7
621 6 7
622 3 14
623 8 15
624 10 15
625 2 12
626 15 10
627 9 8
628 2 5
629 10 7
630 11 14
631 9 12
632 9 14
633 2 5
634 6 10
635 4 6
636 9 13
637 9 3
638 2 12
639 11 14
640 5 13
641 4 6
642 10 2
643 10 8
644 3 5
645 15 3
646 9 3
647 12 15
648 4 9
649 13 6
650 10 13
651 6 8
652 15 9
653 9 5
654 9 10
655 4 8
656 5 11
657 10 13
658 4 15
659 3 6
660 14 14
661 15 8
662 7 14
663 10 6
664 15 2
665 6 13
666 6 15
667 11 11
668 12 9
669 15 4
670 9 10
671 9 7
672 7 10
673 14 10
674 8 9
675 7 15
676 5 13
677 5 11
678 8 5
679 15 14
680 8 2
681 7 13
682 9 13
683 14 8
684 8 12
685 14 15
686 12 4
687 9 2
688 4 10
689 11 7
690 15 3
691 15 15
692 9 3
693 10 9
694 2 13
695 4 8
696 15 12
697 4 3
698 9 14
699 6 7
700 11 13
701 8 12
702 3 15
703 7 15
704 12 15
705 10 8
706 7 12
707 13 14
708 9 15
709 10 2
710 11 3
711 5 12
712 12 6
713 5 13
714 3 8
715 3 14
716 12 13
717 15 3
718 9 4
719 13 6
720 2 2
721 7 14
722 2 6
723 7 7
724 8 4
725 5 10
726 8 11
727 12 14
728 4 4
729 4 3
730 11 15
731 8 11
732 12 5
733 9 11
734 4 5
735 9 12
736 6 9
737 6 12
738 2 14
739 9 6
740 12 10
741 4 3
742 9 7
743 11 6
744 12 8
745 13 6
746 9 15
747 6 5
748 8 15
749 9 3
750 5 8
751 11 7
752 11 6
753 13 6
754 2 15
755 12 8
756 6 2
757 11 15
758 12 14
759 13 2
760 11 13
761 9 15
762 6 14
763 14 5
764 11 14
765 7 5
766 12 5
767 11 6
768 12 14
769 13 14
770 12 12
771 15 4
772 12 3
773 12 12
774 2 6
775 14 9
776 2 11
777 7 13
778 4 3
779 6 7
780 13 8
781 4 5
782 4 14
783 10 7
784 10 10
785 6 15
786 4 6
787 15 9
788 14 6
789 13 15
790 7 14
791 3 9
792 3 4
793 14 5
794 15 12
795 13 12
796 8 15
797 14 10
798 7 3
799 14 8
800 2 6
801 10 3
802 9 7
803 12 13
804 12 6
805 11 8
806 15 12
807 7 3
808 12 5
809 9 2
810 11 10
811 7 11
812 5 12
813 3 12
814 15 9
815 13 6
816 12 8
817 3 4
818 2 2
819 6 9
820 3 3
821 5 10
822 4 8
823 9 7
824 12 13
825 13 10
826 8 11
827 13 13
828 4 8
829 12 3
830 15 9
831 11 8
832 6 2
833 13 7
834 5 9
835 9 5
836 15 7
837 3 12
838 7 10
839 12 7
840 2 8
841 6 5
842 3 15
843 15 9
844 3 12
845 5 12
846 12 11
847 2 2
848 14 7
849 5 4
850 14 11
851 5 3
852 15 14
853 10 5
854 11 5
855 15 15
856 5 7
857 14 4
858 14 11
859 2 6
860 15 4
861 4 10
862 6 14
863 4 3
864 12 15
865 2 4
866 2 7
867 14 14
868 5 11
869 7 2
870 4 6
871 2 4
872 13 8
873 10 3
874 13 3
875 9 9
876 14 7
877 10 11
878 3 9
879 10 5
880 11 2
881 13 14
882 15 12
883 10 6
884 9 12
885 2 2
886 9 15
887 8 8
888 12 3
889 9 13
890 9 3
891 3 7
892 11 4
893 3 4
894 6 11
895 12 11
896 10 13
897 7 8
898 11 10
899 6 9
900 10 11
901 8 3
902 14 13
903 3 15
904 12 12
905 14 10
906 13 15
907 5 8
908 9 5
909 8 7
910 15 9
911 8 8
912 13 3
913 7 8
914 7 12
915 6 7
916 4 12
917 9 3
918 3 15
919 3 3
920 8 3
921 13 13
922 7 14
923 4 10
924 2 11
925 10 10
926 7 12
927 3 8
928 7 15
929 12 14
930 8 15
931 13 2
932 6 11
933 6 7
934 3 11
935 10 5
936 4 12
937 9 5
938 15 3
939 7 15
940 10 7
941 3 14
942 6 11
943 5 14
944 8 15
945 10 14
946 15 11
947 11 12
948 12 10
949 2 11
950 12 15
951 13 6
952 2 4
953 6 13
954 14 6
955 7 7
956 2 4
957 15 4
958 11 12
959 8 3
960 4 13
961 12 2
962 3 13
963 10 5
964 8 8
965 9 7
966 4 7
967 6 13
968 7 14
969 11 11
970 3 2
971 4 4
972 14 11
973 2 12
974 3 6
975 9 12
976 8 9
977 11 9
978 8 6
979 5 14
980 10 3
981 7 8
982 3 6
983 12 12
984 11 9
985 10 12
986 6 2
987 5 8
988 11 2
989 2 5
990 6 5
991 14 4
992 14 6
993 6 7
994 3 2
995 9 13
996 8 4
997 4 8
998 10 13
999 5 10
1000 10 15
