25
30 13 5
18 17 8
14 13 15
27 12 14
23 11 5
12 16 8
26 29 5
27 16 15
27 23 8
24 28 9
10 15 11
20 18 7
16 20 6
12 22 6
21 21 14
18 11 12
27 13 11
12 27 9
30 29 10
28 16 6
11 17 9
12 17 6
22 18 12
30 21 7
21 21 8

2000
1 12 6
2 13 12
3 12 3
4 11 12
5 4 10
6 13 5
7 4 9
8 8 6
9 12 13
10 10 5
11 12 7
12 15 14
13 14 2
14 5 15
15 2 14
16 7 8
17 6 3
18 5 11
19 13 7
20 5 12
21 9 8
22 12 9
23 4 6
24 4 5
25 13 10
26 10 6
27 13 11
28 8 11
29 8 7
30 5 4
31 10 9
32 3 14
33 2 15
34 3 4
35 12 4
36 14 12
37 8 11
38 3 8
39 8 11
40 9 10
41 6 10
42 15 2
43 12 13
44 3 12
45 10 14
46 6 14
47 12 7
48 3 6
49 8 4
50 9 2
51 13 13
52 6 10
53 14 4
54 10 3
55 15 12
56 6 15
57 12 10
58 11 5
59 4 7
60 14 4
61 10 14
62 10 2
63 11 7
64 9 2
65 3 7
66 15 14
67 6 5
68 2 5
69 11 3
70 3 13
71 9 15
72 3 14
73 10 14
74 4 4
75 12 9
76 10 4
77 6 10
78 15 11
79 8 5
80 10 14
81 13 13
82 5 13
83 6 8
84 12 12
85 7 9
86 10 9
87 3 5
88 5 3
89 7 2
90 11 10
91 5 11
92 5 2
93 3 13
94 12 2
95 5 3
96 2 15
97 7 3
98 10 5
99 6 12
100 9 5
101 10 4
102 13 11
103 11 9
104 5 14
105 9 14
106 8 5
107 3 3
108 12 8
109 7 8
110 8 9
111 15 13
112 2 12
113 12 12
114 3 2
115 8 13
116 7 14
117 15 3
118 5 5
119 5 10
120 9 4
121 8 4
122 6 9
123 5 15
124 3 9
125 14 15
126 15 10
127 3 2
128 12 10
129 15 2
130 3 14
131 15 5
132 4 8
133 9 9
134 5 15
135 8 2
136 4 8
137 2 8
138 6 14
139 14 9
140 6 8
141 13 13
142 14 10
143 12 13
144 9 4
145 5 6
146 5 2
147 11 13
148 10 2
149 13 7
150 2 2
151 11 9
152 10 15
153 10 4
154 2 10
155 3 15
156 4 3
157 11 3
158 12 15
159 5 8
160 3 11
161 5 11
162 11 2
163 11 3
164 8 12
165 11 11
166 10 7
167 6 5
168 12 13
169 7 5
170 6 8
171 4 12
172 12 6
173 9 7
174 14 3
175 2 9
176 11 11
177 3 3
178 10 5
179 10 6
180 4 7
181 3 5
182 7 6
183 4 9
184 15 10
185 13 6
186 11 14
187 12 10
188 2 12
189 15 10
190 6 12
191 3 4
192 6 3
193 3 13
194 10 4
195 6 6
196 11 5
197 13 7
198 5 12
199 12 15
200 6 10
201 9 6
202 15 2
203 3 12
204 8 15
205 6 2
206 2 7
207 14 4
208 12 6
209 4 13
210 9 10
211 13 8
212 10 2
213 3 3
214 13 4
215 10 2
216 15 7
217 11 10
218 4 8
219 4 2
220 6 7
221 14 15
222 2 7
223 5 12
224 5 12
225 3 7
226 14 10
227 15 8
228 11 13
229 4 5
230 15 4
231 14 14
232 4 8
233 2 4
234 13 7
235 14 8
236 14 12
237 15 13
238 14 5
239 6 4
240 14 13
241 3 8
242 15 2
243 15 9
244 5 5
245 15 9
246 7 6
247 15 14
248 15 5
249 5 2
250 12 5
251 8 7
252 6 15
253 3 14
254 6 7
255 12 10
256 8 12
257 15 10
258 7 2
259 3 6
260 4 11
261 6 2
262 3 11
263 8 7
264 13 14
265 7 8
266 11 10
267 3 8
268 11 5
269 6 2
270 13 8
271 2 10
272 14 10
273 12 13
274 13 13
275 12 5
276 7 8
277 3 12
278 7 11
279 7 12
280 15 3
281 13 6
282 10 6
283 12 8
284 7 8
285 13 6
286 10 4
287 5 8
288 12 8
289 12 13
290 4 11
291 11 6
292 8 10
293 15 2
294 6 6
295 5 8
296 14 11
297 11 12
298 7 9
299 9 9
300 12 5
301 10 9
302 14 14
303 13 4
304 12 3
305 6 10
306 12 12
307 11 7
308 3 15
309 14 5
310 12 6
311 5 14
312 5 4
313 2 2
314 5 9
315 11 15
316 14 3
317 9 8
318 12 11
319 5 13
320 13 8
321 9 8
322 5 4
323 12 13
324 2 14
325 15 14
326 3 14
327 8 5
328 4 14
329 13 10
330 9 2
331 10 5
332 15 3
333 9 4
334 14 9
335 12 10
336 10 11
337 7 14
338 9 11
339 15 13
340 10 8
341 15 10
342 9 4
343 13 15
344 9 9
345 6 14
346 5 15
347 12 6
348 14 14
349 10 9
350 12 5
351 6 9
352 3 13
353 6 5
354 6 7
355 7 10
356 3 4
357 4 5
358 8 13
359 4 13
360 5 3
361 8 8
362 7 10
363 9 8
364 2 5
365 15 8
366 8 14
367 11 13
368 2 15
369 14 11
370 8 9
371 2 7
372 6 14
373 8 15
374 15 8
375 10 13
376 13 10
377 14 11
378 5 9
379 5 6
380 8 9
381 2 8
382 7 12
383 12 14
384 8 13
385 4 15
386 9 4
387 11 10
388 2 8
389 11 11
390 12 2
391 3 12
392 8 4
393 15 9
394 4 2
395 6 8
396 7 5
397 9 7
398 7 14
399 8 6
400 14 15
401 8 6
402 15 3
403 9 2
404 13 10
405 2 7
406 5 12
407 3 14
408 12 2
409 14 2
410 5 5
411 15 2
412 11 4
413 5 4
414 9 12
415 3 11
416 5 9
417 13 6
418 14 7
419 4 11
420 11 13
421 13 3
422 14 15
423 4 6
424 3 11
425 2 6
426 11 12
427 8 8
428 13 5
429 3 11
430 13 15
431 12 5
432 3 13
433 14 6
434 15 12
435 11 14
436 3 14
437 11 14
438 2 7
439 10 8
440 12 7
441 3 10
442 12 7
443 2 15
444 8 15
445 9 3
446 8 7
447 12 15
448 9 13
449 4 8
450 4 13
451 10 12
452 6 11
453 14 10
454 14 9
455 9 8
456 15 13
457 11 6
458 7 15
459 5 15
460 3 6
461 9 5
462 14 9
463 11 11
464 12 8
465 7 2
466 9 15
467 7 4
468 9 5
469 7 14
470 6 7
471 6 11
472 13 6
473 10 2
474 10 5
475 3 5
476 13 8
477 9 10
478 14 5
479 13 9
480 12 13
481 9 9
482 14 2
483 3 6
484 5 8
485 13 5
486 6 12
487 11 7
488 9 10
489 10 7
490 8 13
491 10 7
492 7 13
493 9 6
494 6 6
495 5 3
496 13 5
497 7 3
498 13 10
499 14 13
500 4 5
501 5 13
502 9 6
503 13 11
504 14 10
505 11 6
506 3 15
507 5 6
508 5 7
509 4 6
510 2 13
511 10 4
512 6 2
513 2 10
514 6 13
515 4 12
516 15 14
517 9 3
518 15 2
519 11 6
520 9 9
521 9 7
522 4 2
523 6 15
524 9 3
525 15 3
526 8 9
527 3 11
528 12 12
529 2 4
530 4 14
531 11 6
532 3 5
533 3 10
534 14 8
535 11 11
536 14 11
537 5 14
538 10 8
539 9 9
540 6 15
541 11 8
542 6 11
543 11 2
544 11 13
545 3 14
546 5 12
547 5 6
548 12 3
549 4 5
550 4 10
551 3 4
552 2 8
553 9 13
554 11 9
555 6 2
556 5 6
557 13 6
558 13 15
559 9 3
560 12 5
561 6 14
562 14 12
563 11 12
564 14 5
565 8 3
566 10 5
567 12 4
568 6 15
569 4 3
570 2 4
571 14 6
572 11 13
573 15 11
574 6 9
575 3 9
576 13 6
577 13 8
578 6 10
579 10 9
580 9 3
581 11 2
582 8 13
583 7 11
584 6 2
585 3 5
586 12 15
587 15 11
588 11 2
589 14 12
590 15 6
591 11 2
592 14 14
593 4 9
594 10 12
595 9 6
596 4 11
597 8 12
598 15 9
599 3 9
600 7 8
601 7 7
602 12 3
603 15 4
604 7 8
605 13 9
606 6 12
607 8 15
608 14 10
609 2 9
610 3 7
611 6 7
612 3 14
613 8 15
614 10 15
615 2 12
616 15 10
617 9 8
618 2 5
619 10 7
620 11 14
621 9 12
622 9 14
623 2 5
624 6 10
625 4 6
626 9 13
627 9 3
628 2 12
629 11 14
630 5 13
631 4 6
632 10 2
633 10 8
634 3 5
635 15 3
636 9 3
637 12 15
638 4 9
639 13 6
640 10 13
641 6 8
642 15 9
643 9 5
644 9 10
645 4 8
646 5 11
647 10 13
648 4 15
649 3 6
650 14 14
651 15 8
652 7 14
653 10 6
654 15 2
655 6 13
656 6 15
657 11 11
658 12 9
659 15 4
660 9 10
661 9 7
662 7 10
663 14 10
664 8 9
665 7 15
666 5 13
667 5 11
668 8 5
669 15 14
670 8 2
671 7 13
672 9 13
673 14 8
674 8 12
675 14 15
676 12 4
677 9 2
678 4 10
679 11 7
680 15 3
681 15 15
682 9 3
683 10 9
684 2 13
685 4 8
686 15 12
687 4 3
688 9 14
689 6 7
690 11 13
691 8 12
692 3 15
693 7 15
694 12 15
695 10 8
696 7 12
697 13 14
698 9 15
699 10 2
700 11 3
701 5 12
702 12 6
703 5 13
704 3 8
705 3 14
706 12 13
707 15 3
708 9 4
709 13 6
710 2 2
711 7 14
712 2 6
713 7 7
714 8 4
715 5 10
716 8 11
717 12 14
718 4 4
719 4 3
720 11 15
721 8 11
722 12 5
723 9 11
724 4 5
725 9 12
726 6 9
727 6 12
728 2 14
729 9 6
730 12 10
731 4 3
732 9 7
733 11 6
734 12 8
735 13 6
736 9 15
737 6 5
738 8 15
739 9 3
740 5 8
741 11 7
742 11 6
743 13 6
744 2 15
745 12 8
746 6 2
747 11 15
748 12 14
749 13 2
750 11 13
751 9 15
752 6 14
753 14 5
754 11 14
755 7 5
756 12 5
757 11 6
758 12 14
759 13 14
760 12 12
761 15 4
762 12 3
763 12 12
764 2 6
765 14 9
766 2 11
767 7 13
768 4 3
769 6 7
770 13 8
771 4 5
772 4 14
773 10 7
774 10 10
775 6 15
776 4 6
777 15 9
778 14 6
779 13 15
780 7 14
781 3 9
782 3 4
783 14 5
784 15 12
785 13 12
786 8 15
787 14 10
788 7 3
789 14 8
790 2 6
791 10 3
792 9 7
793 12 13
794 12 6
795 11 8
796 15 12
797 7 3
798 12 5
799 9 2
800 11 10
801 7 11
802 5 12
803 3 12
804 15 9
805 13 6
806 12 8
807 3 4
808 2 2
809 6 9
810 3 3
811 5 10
812 4 8
813 9 7
814 12 13
815 13 10
816 8 11
817 13 13
818 4 8
819 12 3
820 15 9
821 11 8
822 6 2
823 13 7
824 5 9
825 9 5
826 15 7
827 3 12
828 7 10
829 12 7
830 2 8
831 6 5
832 3 15
833 15 9
834 3 12
835 5 12
836 12 11
837 2 2
838 14 7
839 5 4
840 14 11
841 5 3
842 15 14
843 10 5
844 11 5
845 15 15
846 5 7
847 14 4
848 14 11
849 2 6
850 15 4
851 4 10
852 6 14
853 4 3
854 12 15
855 2 4
856 2 7
857 14 14
858 5 11
859 7 2
860 4 6
861 2 4
862 13 8
863 10 3
864 13 3
865 9 9
866 14 7
867 10 11
868 3 9
869 10 5
870 11 2
871 13 14
872 15 12
873 10 6
874 9 12
875 2 2
876 9 15
877 8 8
878 12 3
879 9 13
880 9 3
881 3 7
882 11 4
883 3 4
884 6 11
885 12 11
886 10 13
887 7 8
888 11 10
889 6 9
890 10 11
891 8 3
892 14 13
893 3 15
894 12 12
895 14 10
896 13 15
897 5 8
898 9 5
899 8 7
900 15 9
901 8 8
902 13 3
903 7 8
904 7 12
905 6 7
906 4 12
907 9 3
908 3 15
909 3 3
910 8 3
911 13 13
912 7 14
913 4 10
914 2 11
915 10 10
916 7 12
917 3 8
918 7 15
919 12 14
920 8 15
921 13 2
922 6 11
923 6 7
924 3 11
925 10 5
926 4 12
927 9 5
928 15 3
929 7 15
930 10 7
931 3 14
932 6 11
933 5 14
934 8 15
935 10 14
936 15 11
937 11 12
938 12 10
939 2 11
940 12 15
941 13 6
942 2 4
943 6 13
944 14 6
945 7 7
946 2 4
947 15 4
948 11 12
949 8 3
950 4 13
951 12 2
952 3 13
953 10 5
954 8 8
955 9 7
956 4 7
957 6 13
958 7 14
959 11 11
960 3 2
961 4 4
962 14 11
963 2 12
964 3 6
965 9 12
966 8 9
967 11 9
968 8 6
969 5 14
970 10 3
971 7 8
972 3 6
973 12 12
974 11 9
975 10 12
976 6 2
977 5 8
978 11 2
979 2 5
980 6 5
981 14 4
982 14 6
983 6 7
984 3 2
985 9 13
986 8 4
987 4 8
988 10 13
989 5 10
990 10 15
991 12 14
992 7 3
993 8 15
994 13 2
995 8 2
996 9 3
997 15 7
998 11 8
999 11 8
1000 13 12
1001 8 6
1002 3 8
1003 2 7
1004 4 14
1005 11 9
1006 15 13
1007 7 3
1008 8 15
1009 3 5
1010 8 11
1011 8 10
1012 3 8
1013 15 6
1014 13 7
1015 5 7
1016 14 4
1017 3 10
1018 12 3
1019 10 10
1020 5 14
1021 7 7
1022 13 15
1023 12 15
1024 4 5
1025 3 4
1026 6 5
1027 4 11
1028 4 14
1029 14 12
1030 3 4
1031 14 12
1032 9 9
1033 14 11
1034 14 11
1035 9 12
1036 11 12
1037 12 11
1038 7 15
1039 12 7
1040 4 9
1041 3 9
1042 9 12
1043 6 14
1044 6 11
1045 2 7
1046 10 3
1047 6 9
1048 9 2
1049 2 7
1050 15 6
1051 3 12
1052 15 15
1053 3 11
1054 11 10
1055 8 9
1056 11 10
1057 14 13
1058 2 9
1059 14 11
1060 12 5
1061 7 11
1062 9 10
1063 4 2
1064 9 3
1065 14 15
1066 7 13
1067 3 10
1068 12 4
1069 2 5
1070 13 9
1071 9 10
1072 10 11
1073 4 7
1074 7 6
1075 8 8
1076 14 7
1077 12 11
1078 2 14
1079 12 12
1080 7 3
1081 7 3
1082 10 12
1083 8 6
1084 6 13
1085 15 12
1086 11 15
1087 4 7
1088 3 11
1089 12 4
1090 7 6
1091 12 13
1092 12 8
1093 4 11
1094 13 3
1095 6 10
1096 8 12
1097 14 7
1098 15 4
1099 12 13
1100 15 13
1101 12 10
1102 3 12
1103 12 8
1104 10 7
1105 2 7
1106 6 4
1107 5 7
1108 14 9
1109 5 5
1110 4 4
1111 3 6
1112 15 14
1113 3 10
1114 14 10
1115 15 13
1116 10 2
1117 12 7
1118 14 11
1119 4 11
1120 8 4
1121 4 4
1122 15 13
1123 14 11
1124 14 4
1125 13 9
1126 2 8
1127 7 12
1128 13 5
1129 9 11
1130 6 14
1131 13 14
1132 9 5
1133 10 5
1134 6 14
1135 14 9
1136 15 5
1137 7 12
1138 11 9
1139 9 14
1140 6 14
1141 8 10
1142 10 8
1143 4 15
1144 5 14
1145 11 4
1146 15 6
1147 2 12
1148 9 15
1149 7 10
1150 3 13
1151 15 10
1152 15 3
1153 6 3
1154 14 4
1155 6 9
1156 10 4
1157 15 8
1158 3 5
1159 15 9
1160 7 2
1161 8 2
1162 8 10
1163 7 5
1164 8 3
1165 7 5
1166 2 7
1167 3 15
1168 13 12
1169 7 14
1170 4 4
1171 2 6
1172 15 9
1173 13 15
1174 4 14
1175 13 9
1176 9 11
1177 2 3
1178 2 6
1179 5 15
1180 4 10
1181 13 11
1182 10 8
1183 3 14
1184 6 5
1185 6 3
1186 2 5
1187 8 12
1188 14 11
1189 9 3
1190 3 15
1191 9 11
1192 10 2
1193 12 10
1194 11 5
1195 13 4
1196 6 8
1197 2 11
1198 7 5
1199 11 8
1200 4 12
1201 12 3
1202 10 7
1203 3 10
1204 10 10
1205 14 10
1206 10 2
1207 8 15
1208 9 2
1209 12 8
1210 7 6
1211 13 2
1212 7 14
1213 3 7
1214 5 13
1215 12 12
1216 3 14
1217 11 13
1218 14 7
1219 4 2
1220 7 10
1221 7 15
1222 12 4
1223 15 14
1224 12 9
1225 13 9
1226 12 4
1227 14 4
1228 3 13
1229 14 9
1230 2 6
1231 5 2
1232 14 5
1233 2 7
1234 6 10
1235 8 15
1236 10 9
1237 6 2
1238 14 12
1239 5 6
1240 7 15
1241 14 2
1242 15 12
1243 7 6
1244 3 14
1245 7 8
1246 8 13
1247 9 8
1248 7 4
1249 9 13
1250 9 7
1251 14 10
1252 6 14
1253 3 13
1254 8 3
1255 8 11
1256 15 4
1257 10 6
1258 7 3
1259 3 7
1260 12 6
1261 6 9
1262 11 13
1263 8 4
1264 13 9
1265 7 9
1266 2 13
1267 15 7
1268 11 8
1269 6 12
1270 14 2
1271 3 12
1272 12 8
1273 7 10
1274 14 13
1275 12 4
1276 2 4
1277 15 11
1278 12 14
1279 9 2
1280 4 3
1281 5 14
1282 12 7
1283 7 8
1284 11 2
1285 11 4
1286 12 9
1287 7 7
1288 9 14
1289 3 11
1290 4 10
1291 7 8
1292 7 12
1293 6 5
1294 3 2
1295 13 4
1296 9 10
1297 8 10
1298 3 6
1299 14 6
1300 13 9
1301 5 11
1302 6 13
1303 9 5
1304 3 4
1305 15 3
1306 9 4
1307 13 9
1308 3 14
1309 12 15
1310 7 12
1311 7 13
1312 3 10
1313 10 6
1314 6 15
1315 4 13
1316 13 13
1317 12 4
1318 14 7
1319 10 5
1320 3 5
1321 14 4
1322 5 14
1323 9 2
1324 7 10
1325 11 7
1326 9 14
1327 10 4
1328 11 3
1329 3 6
1330 8 13
1331 13 9
1332 10 8
1333 14 8
1334 15 11
1335 3 4
1336 7 12
1337 3 9
1338 9 12
1339 10 7
1340 4 15
1341 14 10
1342 12 11
1343 4 14
1344 4 8
1345 10 15
1346 2 15
1347 3 10
1348 4 6
1349 4 4
1350 7 13
1351 5 7
1352 10 6
1353 15 3
1354 6 5
1355 12 10
1356 6 4
1357 12 6
1358 11 10
1359 3 10
1360 12 4
1361 11 11
1362 4 4
1363 12 11
1364 13 11
1365 7 15
1366 11 2
1367 15 15
1368 2 3
1369 2 12
1370 14 11
1371 6 12
1372 5 14
1373 11 8
1374 11 12
1375 2 9
1376 12 10
1377 6 12
1378 6 9
1379 5 14
1380 14 12
1381 8 6
1382 9 3
1383 13 2
1384 4 9
1385 8 9
1386 9 5
1387 7 11
1388 4 7
1389 15 13
1390 7 13
1391 15 7
1392 8 4
1393 14 7
1394 10 10
1395 3 7
1396 5 9
1397 3 6
1398 9 5
1399 4 3
1400 2 6
1401 8 15
1402 11 8
1403 5 15
1404 4 15
1405 7 11
1406 13 7
1407 5 14
1408 4 9
1409 10 9
1410 9 6
1411 9 2
1412 3 8
1413 10 9
1414 5 5
1415 11 7
1416 2 2
1417 6 9
1418 11 15
1419 12 12
1420 9 6
1421 10 2
1422 15 3
1423 8 4
1424 6 13
1425 7 14
1426 8 7
1427 2 8
1428 2 11
1429 10 5
1430 7 10
1431 6 3
1432 8 10
1433 9 14
1434 10 6
1435 15 11
1436 12 11
1437 3 4
1438 3 8
1439 7 14
1440 7 10
1441 7 14
1442 4 5
1443 11 10
1444 8 10
1445 2 2
1446 2 4
1447 13 7
1448 14 9
1449 10 9
1450 4 11
1451 10 4
1452 7 11
1453 7 4
1454 8 11
1455 13 15
1456 6 11
1457 7 10
1458 15 10
1459 10 9
1460 13 11
1461 6 9
1462 15 2
1463 7 7
1464 12 3
1465 8 11
1466 6 14
1467 13 15
1468 13 12
1469 2 11
1470 9 6
1471 12 14
1472 14 11
1473 11 5
1474 13 2
1475 11 9
1476 4 10
1477 12 13
1478 11 14
1479 15 8
1480 4 15
1481 12 5
1482 2 11
1483 13 3
1484 5 2
1485 9 7
1486 8 4
1487 8 13
1488 5 8
1489 10 14
1490 11 9
1491 15 15
1492 13 13
1493 2 13
1494 4 10
1495 5 10
1496 7 12
1497 9 10
1498 8 7
1499 4 9
1500 10 7
1501 10 7
1502 12 14
1503 15 13
1504 12 12
1505 14 13
1506 6 11
1507 9 5
1508 5 6
1509 10 6
1510 5 6
1511 14 6
1512 13 5
1513 13 13
1514 9 7
1515 9 7
1516 10 14
1517 13 6
1518 6 3
1519 11 12
1520 10 8
1521 8 15
1522 7 14
1523 14 4
1524 6 2
1525 6 13
1526 3 7
1527 9 12
1528 6 13
1529 9 5
1530 5 15
1531 10 6
1532 10 13
1533 6 4
1534 3 11
1535 13 11
1536 5 5
1537 2 12
1538 10 5
1539 12 5
1540 2 3
1541 8 7
1542 13 9
1543 3 12
1544 14 4
1545 2 10
1546 4 8
1547 12 9
1548 9 12
1549 5 14
1550 6 7
1551 6 12
1552 2 14
1553 3 12
1554 11 5
1555 10 13
1556 13 15
1557 2 4
1558 8 15
1559 4 2
1560 15 8
1561 14 9
1562 4 13
1563 15 6
1564 2 2
1565 6 11
1566 11 3
1567 7 6
1568 9 12
1569 10 10
1570 9 4
1571 15 10
1572 9 6
1573 5 14
1574 3 7
1575 4 13
1576 9 12
1577 6 13
1578 4 2
1579 13 7
1580 14 6
1581 11 12
1582 14 5
1583 4 11
1584 15 12
1585 8 15
1586 8 10
1587 7 3
1588 8 12
1589 3 4
1590 4 9
1591 7 5
1592 2 6
1593 8 5
1594 9 14
1595 6 7
1596 6 11
1597 13 11
1598 2 6
1599 12 7
1600 13 5
1601 2 12
1602 3 9
1603 6 4
1604 8 12
1605 10 13
1606 14 6
1607 13 3
1608 12 6
1609 7 11
1610 5 5
1611 4 9
1612 4 9
1613 13 11
1614 7 8
1615 13 10
1616 9 14
1617 10 14
1618 12 15
1619 5 14
1620 5 12
1621 14 11
1622 15 14
1623 3 10
1624 9 10
1625 13 7
1626 3 11
1627 3 2
1628 15 10
1629 10 5
1630 11 10
1631 4 4
1632 7 15
1633 10 9
1634 3 12
1635 5 13
1636 11 9
1637 3 10
1638 9 14
1639 2 9
1640 4 10
1641 8 9
1642 11 2
1643 10 9
1644 12 14
1645 6 13
1646 2 8
1647 6 15
1648 2 13
1649 5 11
1650 3 2
1651 8 7
1652 13 3
1653 10 2
1654 3 9
1655 2 6
1656 8 4
1657 14 4
1658 14 12
1659 13 12
1660 8 7
1661 8 9
1662 15 8
1663 8 3
1664 12 12
1665 15 10
1666 4 12
1667 15 7
1668 3 4
1669 10 8
1670 10 4
1671 13 5
1672 15 2
1673 14 2
1674 6 9
1675 12 13
1676 10 8
1677 10 8
1678 15 5
1679 5 9
1680 7 4
1681 6 5
1682 13 14
1683 3 2
1684 14 12
1685 8 11
1686 14 2
1687 5 5
1688 3 3
1689 11 2
1690 9 11
1691 12 13
1692 15 2
1693 5 13
1694 2 8
1695 9 5
1696 10 5
1697 14 15
1698 14 2
1699 4 10
1700 6 5
1701 15 13
1702 11 7
1703 11 11
1704 14 12
1705 15 7
1706 5 6
1707 4 12
1708 10 5
1709 8 6
1710 6 2
1711 10 11
1712 13 4
1713 12 12
1714 8 10
1715 9 2
1716 7 12
1717 12 8
1718 14 10
1719 7 13
1720 8 8
1721 4 6
1722 8 4
1723 14 10
1724 9 5
1725 15 5
1726 6 15
1727 13 4
1728 14 9
1729 2 10
1730 8 8
1731 10 10
1732 4 8
1733 5 6
1734 5 7
1735 12 3
1736 9 15
1737 7 3
1738 10 13
1739 15 5
1740 2 6
1741 8 12
1742 11 11
1743 2 15
1744 3 5
1745 14 14
1746 11 13
1747 12 10
1748 5 9
1749 5 15
1750 7 6
1751 2 5
1752 5 13
1753 3 13
1754 14 9
1755 5 13
1756 11 13
1757 5 8
1758 5 10
1759 7 14
1760 6 8
1761 9 10
1762 12 7
1763 6 6
1764 7 10
1765 9 9
1766 3 14
1767 13 9
1768 14 15
1769 7 5
1770 7 7
1771 8 2
1772 11 15
1773 5 13
1774 4 2
1775 6 10
1776 11 11
1777 13 8
1778 6 4
1779 5 7
1780 5 8
1781 11 15
1782 5 9
1783 10 12
1784 12 7
1785 6 14
1786 15 9
1787 13 12
1788 13 9
1789 9 4
1790 13 14
1791 7 4
1792 4 13
1793 10 9
1794 4 10
1795 12 2
1796 10 2
1797 15 15
1798 3 15
1799 12 2
1800 14 2
1801 8 4
1802 15 12
1803 5 3
1804 13 4
1805 2 5
1806 10 9
1807 7 2
1808 11 12
1809 12 11
1810 9 12
1811 9 2
1812 2 10
1813 10 8
1814 2 2
1815 10 13
1816 6 10
1817 6 2
1818 10 15
1819 13 12
1820 8 14
1821 4 3
1822 3 10
1823 4 5
1824 5 11
1825 10 6
1826 15 7
1827 6 14
1828 8 3
1829 7 8
1830 9 11
1831 5 13
1832 5 6
1833 12 15
1834 15 3
1835 12 15
1836 12 14
1837 2 3
1838 8 8
1839 8 10
1840 9 2
1841 12 2
1842 13 4
1843 3 9
1844 15 8
1845 12 14
1846 7 11
1847 15 3
1848 10 2
1849 5 5
1850 15 13
1851 11 9
1852 6 2
1853 3 12
1854 6 10
1855 11 12
1856 2 4
1857 15 7
1858 2 5
1859 11 4
1860 14 15
1861 13 15
1862 8 3
1863 6 4
1864 11 5
1865 11 15
1866 15 8
1867 12 10
1868 7 8
1869 14 13
1870 4 14
1871 13 13
1872 3 10
1873 13 7
1874 2 3
1875 8 5
1876 15 3
1877 7 11
1878 14 11
1879 11 8
1880 14 7
1881 2 12
1882 6 14
1883 9 9
1884 5 7
1885 10 8
1886 8 4
1887 12 11
1888 12 8
1889 3 14
1890 11 6
1891 14 5
1892 13 3
1893 3 6
1894 4 8
1895 13 14
1896 12 4
1897 13 8
1898 7 7
1899 3 3
1900 2 6
1901 9 7
1902 14 6
1903 3 4
1904 3 4
1905 8 9
1906 10 10
1907 10 8
1908 3 2
1909 3 7
1910 10 3
1911 11 11
1912 14 7
1913 15 8
1914 2 6
1915 8 8
1916 14 3
1917 13 10
1918 5 11
1919 10 4
1920 12 8
1921 4 4
1922 6 6
1923 6 9
1924 4 3
1925 4 8
1926 6 8
1927 6 9
1928 14 3
1929 7 6
1930 5 13
1931 12 9
1932 11 11
1933 5 9
1934 3 4
1935 6 2
1936 8 7
1937 15 11
1938 8 14
1939 15 7
1940 9 7
1941 8 15
1942 15 15
1943 12 11
1944 4 6
1945 7 11
1946 13 5
1947 9 7
1948 4 8
1949 7 6
1950 13 13
1951 12 9
1952 11 14
1953 5 7
1954 8 6
1955 15 14
1956 8 7
1957 3 11
1958 5 11
1959 10 4
1960 12 14
1961 10 2
1962 13 9
1963 13 5
1964 9 14
1965 6 15
1966 13 3
1967 15 15
1968 14 14
1969 8 12
1970 9 4
1971 12 6
1972 5 6
1973 12 4
1974 13 8
1975 14 8
1976 3 9
1977 11 9
1978 11 8
1979 10 10
1980 15 13
1981 8 10
1982 2 14
1983 7 13
1984 14 10
1985 11 12
1986 3 3
1987 14 5
1988 12 12
1989 7 4
1990 12 11
1991 2 11
1992 12 12
1993 12 8
1994 14 7
1995 14 8
1996 3 2
1997 3 6
1998 5 10
1999 13 10
2000 10 11
