40
30 13 5
18 17 8
14 13 15
27 12 14
23 11 5
12 16 8
26 29 5
27 16 15
27 23 8
24 28 9
10 15 11
20 18 7
16 20 6
12 22 6
21 21 14
18 11 12
27 13 11
12 27 9
30 29 10
28 16 6
11 17 9
12 17 6
22 18 12
30 21 7
21 21 8
18 30 6
29 30 7
27 17 7
24 22 9
30 27 8
20 11 8
11 20 11
18 12 8
28 20 8
30 25 11
30 24 7
18 14 8
27 27 9
28 23 14
22 21 8

10000
1 4 10
2 9 3
3 14 2
4 15 3
5 4 12
6 4 14
7 12 8
8 11 3
9 8 8
10 11 9
11 10 6
12 10 15
13 2 12
14 13 3
15 12 10
16 14 6
17 14 12
18 7 3
19 6 8
20 4 9
21 2 13
22 13 6
23 10 14
24 4 10
25 3 15
26 12 6
27 15 12
28 10 11
29 5 4
30 7 14
31 4 10
32 14 10
33 2 11
34 7 9
35 2 3
36 7 15
37 14 6
38 5 2
39 5 11
40 3 3
41 13 9
42 15 3
43 14 10
44 14 4
45 4 12
46 9 10
47 4 6
48 10 15
49 11 8
50 5 10
51 14 13
52 13 5
53 13 6
54 8 12
55 12 7
56 9 10
57 9 3
58 5 5
59 3 7
60 2 11
61 10 5
62 11 5
63 2 3
64 13 12
65 2 5
66 3 2
67 15 7
68 3 10
69 5 6
70 12 9
71 5 10
72 4 13
73 11 11
74 9 5
75 14 9
76 14 8
77 5 3
78 3 12
79 8 7
80 8 8
81 9 15
82 13 2
83 12 12
84 12 3
85 2 8
86 13 7
87 14 15
88 3 5
89 5 5
90 10 9
91 4 8
92 4 6
93 9 5
94 15 3
95 9 14
96 15 15
97 10 3
98 2 12
99 10 15
100 2 3
101 14 15
102 5 4
103 8 9
104 9 5
105 15 8
106 2 4
107 8 2
108 8 6
109 14 14
110 9 6
111 8 13
112 13 14
113 10 12
114 13 9
115 4 5
116 6 5
117 2 11
118 13 10
119 2 13
120 7 2
121 2 11
122 9 10
123 15 10
124 4 2
125 10 3
126 15 4
127 3 11
128 3 12
129 15 5
130 8 3
131 11 5
132 11 11
133 2 11
134 3 8
135 12 11
136 11 10
137 7 6
138 5 12
139 13 7
140 5 6
141 8 4
142 12 12
143 6 9
144 7 14
145 3 2
146 9 11
147 11 3
148 3 10
149 5 10
150 6 4
151 7 3
152 5 7
153 6 4
154 9 15
155 10 13
156 6 11
157 14 12
158 10 2
159 12 15
160 10 6
161 12 3
162 4 6
163 3 3
164 13 10
165 4 6
166 6 11
167 5 13
168 7 5
169 12 12
170 15 6
171 10 9
172 6 15
173 2 3
174 12 8
175 15 6
176 2 2
177 7 14
178 4 12
179 6 4
180 13 9
181 10 13
182 8 10
183 2 3
184 3 13
185 4 10
186 2 15
187 7 11
188 10 4
189 8 4
190 2 6
191 7 14
192 15 2
193 7 5
194 12 5
195 12 3
196 7 14
197 10 15
198 8 11
199 13 4
200 5 15
201 4 14
202 14 4
203 8 2
204 4 13
205 7 14
206 8 14
207 12 15
208 13 14
209 5 6
210 4 14
211 13 3
212 8 15
213 2 15
214 9 5
215 5 15
216 9 7
217 6 15
218 14 15
219 5 5
220 2 12
221 5 8
222 7 6
223 15 3
224 14 6
225 7 12
226 10 8
227 12 15
228 10 7
229 2 3
230 6 4
231 11 6
232 2 3
233 11 8
234 7 13
235 14 7
236 8 11
237 10 3
238 8 11
239 5 6
240 2 13
241 8 2
242 10 14
243 10 12
244 13 13
245 13 12
246 5 7
247 8 3
248 12 7
249 11 7
250 12 15
251 3 13
252 6 10
253 6 12
254 8 7
255 8 13
256 6 10
257 4 5
258 8 12
259 8 12
260 13 4
261 11 11
262 6 8
263 10 15
264 2 6
265 6 5
266 8 14
267 11 11
268 12 7
269 9 9
270 9 12
271 5 10
272 9 14
273 14 13
274 4 12
275 3 6
276 10 12
277 12 11
278 7 3
279 15 14
280 5 12
281 6 5
282 14 5
283 4 2
284 2 5
285 9 11
286 15 14
287 3 9
288 8 12
289 11 5
290 13 13
291 8 9
292 8 5
293 4 12
294 13 2
295 14 15
296 14 3
297 14 8
298 5 4
299 14 13
300 10 9
301 2 10
302 5 15
303 3 9
304 4 14
305 9 12
306 10 10
307 11 7
308 14 9
309 11 15
310 13 10
311 8 15
312 10 9
313 4 13
314 15 9
315 9 6
316 14 5
317 15 12
318 6 14
319 14 10
320 9 12
321 5 6
322 9 3
323 13 6
324 5 6
325 7 7
326 10 3
327 4 4
328 5 8
329 13 4
330 13 5
331 3 8
332 8 7
333 10 9
334 8 2
335 5 15
336 8 8
337 14 11
338 13 2
339 15 14
340 11 8
341 9 2
342 7 6
343 14 8
344 15 15
345 8 10
346 13 13
347 10 14
348 11 5
349 9 5
350 6 8
351 9 2
352 8 7
353 12 12
354 14 8
355 13 4
356 15 9
357 4 11
358 10 2
359 8 11
360 11 12
361 2 3
362 12 8
363 4 15
364 9 4
365 2 6
366 8 7
367 5 9
368 7 7
369 14 8
370 6 14
371 15 8
372 6 15
373 3 9
374 2 13
375 10 2
376 7 5
377 12 3
378 14 12
379 2 14
380 2 5
381 5 15
382 2 11
383 4 5
384 4 9
385 12 3
386 11 5
387 9 13
388 6 14
389 7 4
390 11 11
391 13 13
392 3 14
393 15 4
394 6 3
395 11 2
396 6 11
397 12 8
398 8 13
399 5 3
400 11 13
401 15 12
402 5 3
403 13 14
404 6 15
405 12 11
406 14 3
407 14 11
408 14 2
409 7 10
410 8 12
411 7 3
412 10 12
413 7 2
414 15 8
415 15 9
416 3 8
417 7 12
418 15 9
419 13 4
420 8 4
421 13 10
422 12 6
423 11 14
424 10 14
425 9 9
426 8 15
427 13 11
428 6 7
429 15 5
430 15 3
431 6 9
432 5 14
433 9 11
434 11 12
435 8 7
436 2 9
437 15 7
438 4 9
439 5 7
440 14 6
441 7 6
442 11 13
443 6 10
444 2 10
445 5 3
446 5 13
447 8 9
448 10 14
449 5 13
450 9 12
451 13 9
452 9 14
453 2 3
454 6 5
455 8 13
456 5 6
457 12 11
458 7 9
459 10 10
460 7 8
461 13 10
462 7 7
463 13 9
464 6 6
465 6 5
466 3 13
467 5 7
468 3 13
469 10 14
470 13 4
471 5 5
472 13 9
473 6 13
474 11 14
475 10 11
476 6 3
477 15 5
478 6 5
479 7 4
480 6 2
481 13 10
482 4 6
483 2 2
484 10 6
485 13 4
486 12 15
487 14 9
488 3 15
489 2 11
490 6 9
491 9 9
492 7 4
493 2 6
494 15 9
495 3 15
496 3 8
497 9 3
498 11 12
499 12 2
500 4 4
501 14 11
502 6 3
503 5 3
504 10 14
505 8 11
506 11 14
507 11 5
508 14 10
509 8 9
510 9 6
511 15 11
512 8 6
513 11 11
514 2 11
515 13 3
516 14 5
517 12 5
518 6 12
519 3 4
520 5 4
521 10 3
522 4 2
523 8 9
524 13 11
525 9 6
526 2 5
527 6 13
528 6 13
529 15 9
530 3 12
531 5 6
532 14 14
533 12 11
534 12 14
535 5 8
536 3 10
537 5 12
538 4 6
539 15 4
540 3 2
541 4 14
542 6 11
543 13 15
544 11 6
545 9 3
546 9 13
547 6 13
548 8 6
549 10 10
550 9 9
551 3 11
552 2 8
553 13 7
554 11 6
555 2 3
556 5 12
557 15 15
558 11 11
559 2 14
560 12 15
561 6 11
562 2 14
563 14 4
564 9 10
565 12 9
566 6 4
567 11 8
568 12 15
569 9 3
570 9 7
571 8 7
572 7 12
573 3 15
574 4 7
575 8 13
576 9 6
577 12 8
578 15 14
579 10 2
580 9 3
581 7 6
582 7 3
583 14 8
584 15 10
585 15 2
586 12 15
587 10 9
588 8 2
589 5 10
590 7 11
591 14 9
592 12 9
593 14 2
594 5 6
595 10 4
596 6 9
597 13 9
598 3 2
599 12 11
600 14 5
601 13 4
602 6 10
603 2 10
604 8 3
605 5 15
606 3 9
607 3 12
608 15 4
609 9 13
610 6 10
611 13 6
612 8 15
613 9 9
614 5 9
615 10 4
616 8 5
617 11 10
618 13 4
619 15 3
620 6 14
621 14 15
622 8 7
623 14 10
624 6 15
625 2 6
626 13 6
627 15 11
628 11 12
629 9 15
630 4 9
631 10 9
632 7 7
633 10 14
634 10 8
635 9 7
636 15 5
637 13 5
638 11 8
639 5 15
640 14 8
641 2 7
642 13 9
643 13 14
644 8 8
645 12 14
646 15 12
647 4 9
648 2 4
649 10 11
650 7 15
651 3 15
652 15 9
653 3 10
654 9 2
655 13 4
656 8 15
657 12 4
658 3 9
659 14 6
660 7 11
661 13 8
662 12 3
663 15 7
664 15 12
665 15 10
666 8 7
667 12 13
668 14 9
669 15 10
670 2 11
671 3 5
672 12 12
673 6 5
674 13 3
675 8 3
676 14 12
677 13 15
678 3 9
679 4 13
680 6 2
681 2 7
682 14 2
683 6 7
684 7 8
685 4 5
686 10 8
687 11 12
688 14 4
689 4 4
690 3 11
691 15 8
692 11 12
693 5 9
694 11 4
695 5 9
696 12 6
697 9 6
698 12 2
699 14 9
700 6 12
701 10 4
702 3 9
703 7 11
704 6 12
705 8 13
706 6 9
707 15 6
708 5 8
709 15 9
710 3 5
711 8 11
712 7 11
713 6 13
714 6 2
715 15 12
716 8 6
717 2 11
718 15 12
719 14 13
720 2 11
721 13 9
722 15 6
723 14 14
724 5 11
725 14 7
726 5 12
727 5 11
728 6 12
729 14 13
730 14 12
731 12 15
732 4 12
733 3 12
734 12 2
735 6 14
736 9 2
737 11 7
738 13 4
739 3 6
740 7 13
741 8 4
742 5 4
743 14 10
744 7 10
745 10 6
746 15 4
747 6 15
748 9 14
749 6 13
750 15 7
751 14 3
752 9 3
753 4 14
754 5 15
755 12 13
756 12 8
757 15 14
758 10 7
759 3 14
760 8 2
761 6 10
762 3 9
763 7 12
764 13 12
765 6 11
766 8 15
767 12 7
768 3 12
769 5 9
770 2 11
771 10 7
772 11 5
773 12 3
774 12 15
775 9 13
776 6 12
777 8 3
778 4 2
779 2 6
780 9 3
781 3 5
782 10 4
783 8 9
784 7 12
785 13 13
786 10 8
787 11 13
788 13 4
789 8 12
790 3 15
791 9 11
792 8 6
793 2 13
794 7 5
795 9 9
796 5 15
797 7 3
798 12 7
799 10 12
800 7 2
801 8 6
802 5 3
803 15 15
804 9 3
805 12 5
806 12 12
807 11 2
808 2 14
809 7 5
810 4 14
811 11 5
812 3 15
813 14 10
814 5 11
815 5 15
816 15 5
817 7 14
818 4 14
819 11 2
820 6 15
821 4 4
822 10 6
823 14 4
824 3 12
825 15 2
826 4 2
827 7 14
828 14 5
829 11 7
830 2 4
831 6 2
832 4 13
833 8 10
834 3 13
835 3 9
836 9 14
837 7 10
838 11 3
839 9 10
840 5 11
841 2 13
842 14 15
843 12 10
844 6 9
845 12 2
846 2 9
847 15 8
848 8 12
849 3 9
850 13 9
851 3 3
852 7 11
853 4 3
854 4 6
855 11 12
856 11 10
857 13 7
858 8 11
859 10 6
860 9 10
861 11 8
862 3 14
863 13 3
864 15 12
865 12 14
866 10 13
867 15 5
868 8 9
869 5 8
870 7 15
871 9 8
872 8 13
873 3 7
874 8 7
875 12 6
876 7 4
877 12 9
878 3 3
879 15 3
880 3 8
881 3 13
882 13 7
883 14 4
884 10 2
885 11 10
886 10 7
887 12 3
888 8 7
889 15 12
890 14 8
891 15 13
892 2 6
893 11 6
894 7 3
895 11 10
896 5 4
897 12 9
898 5 15
899 3 7
900 15 10
901 7 3
902 14 6
903 11 5
904 14 8
905 15 10
906 14 15
907 11 11
908 12 12
909 10 2
910 11 12
911 15 13
912 6 2
913 4 6
914 13 14
915 6 7
916 7 2
917 4 15
918 4 11
919 12 8
920 3 4
921 13 12
922 2 3
923 13 10
924 5 8
925 8 9
926 7 4
927 7 6
928 13 7
929 14 11
930 11 3
931 2 4
932 4 14
933 11 2
934 12 3
935 6 9
936 12 8
937 9 11
938 9 8
939 6 5
940 14 10
941 3 7
942 8 3
943 6 12
944 12 11
945 9 10
946 12 6
947 2 5
948 8 11
949 2 2
950 5 6
951 5 14
952 4 14
953 6 6
954 7 3
955 2 9
956 13 8
957 4 4
958 8 10
959 13 5
960 10 10
961 15 12
962 14 7
963 3 8
964 15 13
965 2 8
966 2 9
967 3 15
968 7 11
969 8 11
970 8 13
971 12 8
972 6 3
973 8 2
974 7 4
975 14 11
976 9 15
977 13 7
978 3 8
979 15 3
980 5 8
981 11 8
982 10 3
983 8 15
984 6 13
985 7 5
986 7 14
987 4 3
988 10 12
989 3 10
990 10 5
991 14 7
992 7 13
993 15 12
994 15 4
995 5 3
996 4 6
997 5 4
998 11 4
999 14 14
1000 12 3
1001 4 14
1002 12 9
1003 9 14
1004 11 14
1005 11 9
1006 12 11
1007 12 12
1008 11 7
1009 15 12
1010 7 4
1011 9 3
1012 9 9
1013 12 6
1014 14 6
1015 11 2
1016 7 10
1017 3 6
1018 9 9
1019 2 2
1020 7 15
1021 6 3
1022 12 15
1023 15 3
1024 11 11
1025 10 8
1026 9 11
1027 10 14
1028 13 2
1029 9 14
1030 11 12
1031 5 7
1032 11 9
1033 10 4
1034 2 9
1035 3 14
1036 15 7
1037 13 3
1038 10 12
1039 4 2
1040 5 13
1041 9 9
1042 10 10
1043 11 4
1044 7 7
1045 6 8
1046 8 14
1047 7 12
1048 11 2
1049 14 12
1050 12 7
1051 3 7
1052 3 10
1053 12 8
1054 6 6
1055 13 15
1056 12 11
1057 15 4
1058 7 3
1059 11 12
1060 4 7
1061 6 12
1062 13 12
1063 8 4
1064 11 13
1065 3 6
1066 10 8
1067 12 14
1068 7 15
1069 4 12
1070 13 15
1071 13 12
1072 10 3
1073 12 12
1074 8 10
1075 7 2
1076 7 6
1077 4 5
1078 7 14
1079 9 5
1080 5 4
1081 4 3
1082 6 15
1083 14 3
1084 10 14
1085 10 15
1086 13 10
1087 2 12
1088 7 14
1089 11 4
1090 11 8
1091 4 4
1092 4 15
1093 13 14
1094 11 14
1095 4 13
1096 9 2
1097 8 7
1098 12 13
1099 5 9
1100 11 6
1101 14 13
1102 14 9
1103 5 10
1104 5 6
1105 14 14
1106 9 15
1107 5 7
1108 12 11
1109 9 9
1110 14 6
1111 14 8
1112 10 10
1113 8 4
1114 15 5
1115 14 11
1116 4 15
1117 6 2
1118 12 9
1119 15 7
1120 10 3
1121 13 15
1122 10 15
1123 3 6
1124 3 14
1125 4 6
1126 9 10
1127 4 15
1128 8 3
1129 5 15
1130 9 7
1131 2 8
1132 2 8
1133 10 7
1134 5 8
1135 3 7
1136 5 2
1137 7 3
1138 15 13
1139 12 7
1140 14 4
1141 4 2
1142 6 15
1143 9 13
1144 15 4
1145 14 13
1146 9 9
1147 11 2
1148 3 2
1149 6 5
1150 15 4
1151 10 13
1152 11 10
1153 8 3
1154 14 6
1155 5 6
1156 3 2
1157 5 8
1158 12 14
1159 11 9
1160 3 3
1161 15 9
1162 11 10
1163 2 12
1164 10 11
1165 5 13
1166 4 6
1167 8 2
1168 11 7
1169 5 11
1170 8 4
1171 12 12
1172 3 10
1173 7 3
1174 10 10
1175 10 14
1176 10 10
1177 2 8
1178 15 9
1179 2 12
1180 8 7
1181 6 13
1182 2 7
1183 14 3
1184 7 5
1185 13 12
1186 12 3
1187 14 11
1188 13 14
1189 7 4
1190 2 7
1191 10 7
1192 15 12
1193 4 15
1194 14 12
1195 9 13
1196 9 12
1197 4 14
1198 4 3
1199 13 14
1200 9 2
1201 6 5
1202 2 14
1203 5 2
1204 7 6
1205 10 8
1206 15 10
1207 9 6
1208 2 14
1209 12 5
1210 6 7
1211 15 14
1212 2 15
1213 12 7
1214 6 3
1215 14 7
1216 8 8
1217 13 9
1218 8 7
1219 4 9
1220 13 9
1221 7 14
1222 10 6
1223 14 3
1224 13 8
1225 3 8
1226 11 15
1227 4 10
1228 6 7
1229 3 3
1230 7 12
1231 6 6
1232 9 11
1233 13 8
1234 4 13
1235 9 7
1236 9 2
1237 13 15
1238 7 11
1239 8 6
1240 12 14
1241 2 3
1242 12 12
1243 8 7
1244 10 14
1245 13 12
1246 4 2
1247 4 15
1248 11 12
1249 14 9
1250 2 4
1251 3 5
1252 14 12
1253 7 7
1254 8 11
1255 2 11
1256 4 12
1257 9 7
1258 7 9
1259 14 3
1260 11 4
1261 10 7
1262 8 7
1263 12 6
1264 5 3
1265 2 13
1266 4 9
1267 10 8
1268 10 3
1269 6 14
1270 6 13
1271 9 5
1272 11 6
1273 13 9
1274 5 3
1275 4 15
1276 3 9
1277 4 13
1278 9 3
1279 14 12
1280 15 7
1281 12 7
1282 13 3
1283 10 10
1284 6 6
1285 15 4
1286 13 13
1287 13 12
1288 4 14
1289 7 10
1290 5 3
1291 5 14
1292 4 5
1293 14 9
1294 2 7
1295 10 11
1296 7 9
1297 14 10
1298 4 11
1299 3 3
1300 6 8
1301 13 13
1302 9 10
1303 8 14
1304 8 15
1305 11 3
1306 4 7
1307 12 3
1308 9 9
1309 12 10
1310 7 4
1311 15 14
1312 10 12
1313 11 4
1314 14 4
1315 8 10
1316 15 2
1317 15 3
1318 10 4
1319 6 4
1320 4 7
1321 13 5
1322 7 10
1323 6 15
1324 3 6
1325 5 12
1326 10 6
1327 4 12
1328 6 11
1329 10 3
1330 10 12
1331 4 11
1332 11 4
1333 4 12
1334 11 13
1335 11 7
1336 15 11
1337 2 15
1338 15 2
1339 3 2
1340 12 14
1341 11 6
1342 12 5
1343 14 11
1344 8 11
1345 12 2
1346 9 12
1347 10 6
1348 12 6
1349 9 5
1350 14 14
1351 12 8
1352 6 9
1353 3 13
1354 2 4
1355 9 8
1356 9 9
1357 5 7
1358 11 4
1359 7 15
1360 13 7
1361 13 15
1362 7 8
1363 4 14
1364 7 10
1365 10 3
1366 7 5
1367 9 3
1368 6 9
1369 5 4
1370 3 2
1371 6 8
1372 15 11
1373 8 5
1374 15 4
1375 15 7
1376 11 13
1377 7 5
1378 14 4
1379 9 10
1380 9 9
1381 6 9
1382 2 3
1383 8 10
1384 9 5
1385 5 11
1386 7 2
1387 2 6
1388 9 11
1389 15 12
1390 12 9
1391 6 10
1392 2 15
1393 3 8
1394 4 6
1395 13 7
1396 14 8
1397 7 2
1398 8 2
1399 11 10
1400 5 7
1401 10 6
1402 3 8
1403 10 9
1404 14 10
1405 6 15
1406 11 12
1407 11 3
1408 4 3
1409 8 7
1410 14 7
1411 10 7
1412 14 4
1413 5 11
1414 10 8
1415 10 2
1416 2 2
1417 4 13
1418 7 14
1419 9 10
1420 9 4
1421 11 10
1422 4 7
1423 11 7
1424 4 8
1425 11 13
1426 15 6
1427 11 7
1428 10 15
1429 10 10
1430 9 13
1431 11 6
1432 9 15
1433 2 7
1434 7 12
1435 3 8
1436 11 6
1437 14 13
1438 15 13
1439 12 2
1440 11 9
1441 6 12
1442 14 14
1443 11 11
1444 5 13
1445 2 11
1446 9 4
1447 10 12
1448 13 11
1449 14 15
1450 8 4
1451 15 12
1452 5 2
1453 11 13
1454 3 5
1455 2 9
1456 7 8
1457 4 8
1458 13 5
1459 8 10
1460 14 11
1461 9 15
1462 15 13
1463 13 2
1464 13 4
1465 10 5
1466 10 7
1467 12 9
1468 10 8
1469 7 4
1470 9 10
1471 7 10
1472 7 12
1473 14 15
1474 13 12
1475 12 14
1476 13 6
1477 11 9
1478 5 5
1479 6 10
1480 6 5
1481 6 14
1482 6 13
1483 5 13
1484 13 9
1485 7 9
1486 7 10
1487 14 13
1488 6 6
1489 3 11
1490 12 10
1491 8 8
1492 15 7
1493 14 14
1494 4 6
1495 2 6
1496 13 3
1497 7 9
1498 12 6
1499 13 9
1500 5 5
1501 15 10
1502 6 10
1503 13 6
1504 4 3
1505 11 13
1506 11 5
1507 5 2
1508 12 10
1509 5 12
1510 5 2
1511 3 8
1512 7 13
1513 9 3
1514 12 14
1515 4 2
1516 10 4
1517 8 12
1518 9 9
1519 12 5
1520 14 6
1521 7 6
1522 12 2
1523 14 3
1524 12 11
1525 5 10
1526 13 13
1527 15 2
1528 4 8
1529 15 4
1530 2 15
1531 8 14
1532 9 4
1533 13 15
1534 6 2
1535 2 6
1536 11 11
1537 3 7
1538 6 9
1539 12 10
1540 10 9
1541 4 15
1542 10 9
1543 6 5
1544 14 3
1545 7 4
1546 13 9
1547 12 6
1548 13 4
1549 2 13
1550 7 14
1551 6 11
1552 12 14
1553 5 4
1554 11 15
1555 12 8
1556 15 8
1557 10 7
1558 3 8
1559 12 3
1560 4 4
1561 9 7
1562 5 2
1563 6 8
1564 5 9
1565 14 6
1566 7 6
1567 11 13
1568 11 2
1569 6 12
1570 7 13
1571 5 2
1572 12 3
1573 9 6
1574 4 8
1575 12 10
1576 13 14
1577 6 13
1578 3 12
1579 6 7
1580 11 5
1581 5 4
1582 9 4
1583 9 13
1584 11 7
1585 8 13
1586 10 9
1587 14 10
1588 14 12
1589 15 5
1590 14 5
1591 12 14
1592 11 15
1593 14 3
1594 10 9
1595 10 13
1596 7 3
1597 11 3
1598 2 15
1599 10 10
1600 5 11
1601 10 4
1602 4 7
1603 15 10
1604 9 3
1605 12 5
1606 13 11
1607 9 3
1608 10 9
1609 14 2
1610 9 4
1611 10 8
1612 9 11
1613 2 10
1614 9 12
1615 14 6
1616 13 2
1617 8 6
1618 15 2
1619 13 5
1620 11 3
1621 2 8
1622 7 13
1623 3 10
1624 2 3
1625 9 2
1626 6 8
1627 4 14
1628 4 14
1629 12 13
1630 12 8
1631 7 8
1632 9 15
1633 8 8
1634 3 12
1635 12 15
1636 10 4
1637 12 15
1638 7 3
1639 4 10
1640 8 10
1641 4 13
1642 5 15
1643 2 14
1644 2 6
1645 9 12
1646 13 10
1647 8 10
1648 8 15
1649 5 5
1650 9 7
1651 4 6
1652 5 13
1653 14 3
1654 2 14
1655 12 8
1656 11 14
1657 2 5
1658 5 3
1659 3 11
1660 2 9
1661 11 12
1662 13 15
1663 2 5
1664 13 2
1665 8 9
1666 5 10
1667 5 14
1668 15 14
1669 2 4
1670 10 6
1671 5 15
1672 13 11
1673 7 11
1674 11 14
1675 12 15
1676 7 5
1677 6 4
1678 12 10
1679 5 8
1680 6 6
1681 2 10
1682 11 13
1683 4 12
1684 12 8
1685 10 9
1686 2 7
1687 12 12
1688 8 14
1689 10 7
1690 13 8
1691 8 4
1692 6 8
1693 4 14
1694 10 9
1695 5 15
1696 5 6
1697 15 13
1698 4 14
1699 9 2
1700 10 8
1701 8 10
1702 10 4
1703 8 5
1704 6 5
1705 7 12
1706 3 9
1707 15 7
1708 3 10
1709 13 15
1710 5 2
1711 6 8
1712 12 11
1713 11 2
1714 15 3
1715 5 14
1716 14 11
1717 13 12
1718 10 5
1719 9 5
1720 15 7
1721 6 2
1722 5 5
1723 13 3
1724 13 14
1725 9 5
1726 13 11
1727 13 5
1728 8 5
1729 10 7
1730 14 6
1731 8 9
1732 10 12
1733 7 6
1734 6 7
1735 10 9
1736 9 3
1737 14 13
1738 9 14
1739 15 7
1740 5 7
1741 7 8
1742 2 11
1743 15 5
1744 13 4
1745 2 6
1746 10 11
1747 11 13
1748 8 6
1749 4 5
1750 7 5
1751 8 11
1752 15 5
1753 9 10
1754 12 12
1755 7 6
1756 14 15
1757 9 13
1758 12 13
1759 9 9
1760 4 13
1761 14 7
1762 4 4
1763 13 10
1764 9 4
1765 10 12
1766 2 10
1767 2 15
1768 15 3
1769 15 12
1770 2 14
1771 2 8
1772 4 15
1773 12 5
1774 3 13
1775 4 2
1776 5 10
1777 9 7
1778 2 11
1779 12 12
1780 11 9
1781 12 9
1782 2 2
1783 10 10
1784 8 2
1785 2 10
1786 13 6
1787 10 6
1788 2 10
1789 15 13
1790 12 8
1791 14 4
1792 3 3
1793 10 4
1794 5 5
1795 11 10
1796 6 15
1797 7 6
1798 14 8
1799 3 7
1800 8 9
1801 11 5
1802 13 5
1803 6 12
1804 15 15
1805 3 12
1806 15 12
1807 14 2
1808 3 8
1809 8 8
1810 10 9
1811 2 12
1812 2 13
1813 4 3
1814 9 15
1815 8 12
1816 14 7
1817 11 15
1818 3 10
1819 2 5
1820 5 15
1821 13 11
1822 9 6
1823 2 3
1824 12 6
1825 10 11
1826 12 2
1827 4 15
1828 7 2
1829 5 11
1830 4 14
1831 15 13
1832 15 8
1833 3 6
1834 4 11
1835 5 11
1836 15 15
1837 8 12
1838 10 7
1839 8 14
1840 13 4
1841 14 13
1842 13 3
1843 10 13
1844 7 2
1845 3 8
1846 5 15
1847 3 7
1848 11 14
1849 11 11
1850 8 14
1851 7 2
1852 12 6
1853 14 9
1854 9 5
1855 7 10
1856 8 8
1857 4 12
1858 11 12
1859 8 3
1860 14 11
1861 6 14
1862 5 13
1863 3 3
1864 6 4
1865 8 13
1866 14 12
1867 4 13
1868 8 7
1869 7 3
1870 3 2
1871 6 9
1872 7 14
1873 6 3
1874 4 3
1875 4 8
1876 9 10
1877 10 10
1878 8 3
1879 2 3
1880 7 10
1881 3 11
1882 11 14
1883 7 15
1884 8 2
1885 6 8
1886 8 14
1887 3 13
1888 10 5
1889 11 10
1890 4 12
1891 8 4
1892 4 6
1893 6 6
1894 9 4
1895 3 4
1896 8 6
1897 8 6
1898 9 14
1899 3 7
1900 6 5
1901 13 12
1902 9 11
1903 11 5
1904 9 3
1905 4 6
1906 2 8
1907 7 15
1908 11 8
1909 14 15
1910 7 9
1911 7 8
1912 15 15
1913 15 12
1914 11 4
1915 6 7
1916 11 13
1917 5 9
1918 7 4
1919 8 7
1920 6 13
1921 13 12
1922 9 11
1923 14 5
1924 7 8
1925 6 15
1926 14 8
1927 7 3
1928 11 5
1929 11 10
1930 4 12
1931 14 10
1932 2 13
1933 9 13
1934 5 9
1935 14 6
1936 15 13
1937 3 15
1938 15 14
1939 14 8
1940 12 9
1941 4 12
1942 6 5
1943 6 12
1944 4 13
1945 8 14
1946 8 3
1947 9 11
1948 9 11
1949 8 10
1950 10 15
1951 13 8
1952 10 2
1953 14 7
1954 13 14
1955 10 11
1956 12 3
1957 3 14
1958 5 12
1959 12 7
1960 4 12
1961 11 2
1962 11 12
1963 12 12
1964 8 14
1965 7 14
1966 8 3
1967 2 3
1968 6 5
1969 10 13
1970 10 10
1971 11 13
1972 11 5
1973 9 7
1974 8 9
1975 14 12
1976 11 13
1977 10 4
1978 7 2
1979 9 3
1980 6 8
1981 3 3
1982 15 13
1983 4 7
1984 6 7
1985 9 14
1986 5 10
1987 9 7
1988 9 3
1989 9 13
1990 13 9
1991 7 3
1992 6 2
1993 14 13
1994 3 2
1995 15 7
1996 12 3
1997 12 14
1998 4 13
1999 5 10
2000 4 10
2001 4 7
2002 10 8
2003 9 5
2004 14 8
2005 12 4
2006 4 12
2007 12 8
2008 8 2
2009 13 11
2010 5 9
2011 11 8
2012 8 2
2013 13 5
2014 5 6
2015 14 13
2016 14 14
2017 3 11
2018 3 14
2019 15 10
2020 4 7
2021 7 5
2022 9 3
2023 6 12
2024 15 9
2025 10 12
2026 7 11
2027 8 11
2028 8 11
2029 3 7
2030 7 15
2031 9 11
2032 4 15
2033 12 13
2034 14 6
2035 11 11
2036 3 12
2037 4 7
2038 3 5
2039 6 3
2040 4 7
2041 13 4
2042 10 8
2043 8 11
2044 4 11
2045 8 8
2046 4 9
2047 12 10
2048 13 12
2049 4 10
2050 4 9
2051 6 4
2052 4 7
2053 15 9
2054 11 2
2055 15 7
2056 2 9
2057 4 5
2058 15 8
2059 10 10
2060 12 9
2061 8 12
2062 9 8
2063 13 15
2064 9 9
2065 4 3
2066 11 2
2067 14 14
2068 5 6
2069 2 6
2070 5 10
2071 6 4
2072 14 9
2073 11 13
2074 14 14
2075 9 10
2076 10 3
2077 11 3
2078 6 14
2079 10 15
2080 7 10
2081 15 14
2082 2 14
2083 13 9
2084 10 5
2085 8 3
2086 13 15
2087 12 14
2088 5 6
2089 15 2
2090 9 6
2091 7 15
2092 15 3
2093 9 15
2094 3 14
2095 14 5
2096 5 14
2097 13 11
2098 13 7
2099 15 13
2100 11 12
2101 8 4
2102 11 4
2103 14 5
2104 15 5
2105 14 2
2106 11 7
2107 10 6
2108 11 10
2109 4 7
2110 13 6
2111 6 11
2112 6 15
2113 10 12
2114 15 3
2115 4 14
2116 14 8
2117 2 6
2118 15 12
2119 4 13
2120 15 4
2121 5 4
2122 13 7
2123 15 5
2124 14 15
2125 12 8
2126 9 4
2127 11 12
2128 6 12
2129 8 8
2130 9 3
2131 12 14
2132 14 3
2133 8 10
2134 13 6
2135 13 7
2136 9 9
2137 7 11
2138 2 15
2139 14 15
2140 13 3
2141 13 9
2142 12 12
2143 13 7
2144 15 3
2145 14 10
2146 8 5
2147 8 15
2148 5 9
2149 6 7
2150 15 6
2151 7 10
2152 11 4
2153 11 15
2154 9 14
2155 7 12
2156 14 2
2157 2 3
2158 12 14
2159 15 9
2160 2 3
2161 15 4
2162 9 9
2163 2 8
2164 5 13
2165 4 12
2166 6 4
2167 15 6
2168 3 12
2169 7 6
2170 3 7
2171 12 12
2172 4 2
2173 8 12
2174 6 13
2175 13 14
2176 5 8
2177 12 3
2178 13 3
2179 2 5
2180 9 3
2181 4 11
2182 5 10
2183 12 9
2184 2 2
2185 13 7
2186 15 3
2187 15 8
2188 13 4
2189 9 3
2190 5 8
2191 3 13
2192 14 3
2193 3 7
2194 7 6
2195 4 8
2196 14 15
2197 14 15
2198 4 12
2199 12 4
2200 3 10
2201 11 2
2202 11 12
2203 4 9
2204 7 13
2205 5 12
2206 13 4
2207 8 11
2208 12 9
2209 15 5
2210 3 3
2211 4 14
2212 3 11
2213 13 8
2214 7 8
2215 7 14
2216 4 5
2217 6 12
2218 3 5
2219 10 11
2220 11 13
2221 11 6
2222 14 13
2223 2 15
2224 15 12
2225 6 5
2226 10 11
2227 10 5
2228 13 8
2229 6 12
2230 2 14
2231 14 5
2232 9 8
2233 3 5
2234 9 12
2235 11 3
2236 10 2
2237 7 7
2238 4 8
2239 15 15
2240 11 8
2241 7 10
2242 12 4
2243 14 9
2244 14 3
2245 2 11
2246 3 2
2247 6 5
2248 2 2
2249 14 8
2250 10 6
2251 12 13
2252 10 14
2253 8 8
2254 13 8
2255 3 12
2256 10 10
2257 11 4
2258 6 3
2259 6 3
2260 10 5
2261 14 4
2262 10 7
2263 8 11
2264 12 14
2265 15 12
2266 12 12
2267 3 6
2268 13 8
2269 13 15
2270 5 2
2271 5 3
2272 8 3
2273 9 11
2274 11 2
2275 6 12
2276 13 12
2277 13 4
2278 3 2
2279 13 4
2280 13 2
2281 4 9
2282 7 10
2283 10 14
2284 15 13
2285 6 4
2286 7 4
2287 13 14
2288 15 6
2289 13 3
2290 14 2
2291 7 14
2292 8 6
2293 10 3
2294 6 13
2295 11 12
2296 3 9
2297 9 10
2298 7 2
2299 9 15
2300 11 4
2301 7 4
2302 6 14
2303 3 11
2304 12 13
2305 3 5
2306 13 10
2307 2 2
2308 15 15
2309 2 5
2310 2 9
2311 7 8
2312 4 4
2313 15 2
2314 10 14
2315 13 13
2316 12 8
2317 5 7
2318 5 8
2319 13 7
2320 6 15
2321 3 11
2322 7 3
2323 10 12
2324 2 4
2325 5 14
2326 10 2
2327 8 3
2328 9 15
2329 6 14
2330 15 6
2331 7 3
2332 10 9
2333 2 7
2334 5 6
2335 11 14
2336 6 13
2337 11 5
2338 9 7
2339 11 9
2340 14 14
2341 5 13
2342 10 14
2343 14 5
2344 4 2
2345 8 2
2346 5 10
2347 7 12
2348 15 13
2349 2 7
2350 2 14
2351 12 8
2352 15 13
2353 13 6
2354 3 5
2355 10 5
2356 8 9
2357 2 4
2358 13 6
2359 3 2
2360 5 15
2361 10 8
2362 13 7
2363 9 13
2364 3 11
2365 3 10
2366 4 12
2367 15 8
2368 3 11
2369 11 2
2370 8 12
2371 4 5
2372 6 6
2373 15 7
2374 14 8
2375 13 15
2376 13 7
2377 7 9
2378 6 5
2379 3 5
2380 4 14
2381 14 11
2382 3 4
2383 3 4
2384 9 9
2385 7 8
2386 3 10
2387 7 14
2388 5 9
2389 6 9
2390 6 15
2391 3 3
2392 4 14
2393 12 6
2394 15 13
2395 13 11
2396 2 5
2397 15 15
2398 7 4
2399 3 13
2400 5 7
2401 8 10
2402 2 12
2403 6 6
2404 15 4
2405 2 8
2406 15 9
2407 10 13
2408 10 5
2409 3 9
2410 3 14
2411 14 4
2412 3 2
2413 2 15
2414 14 5
2415 4 5
2416 15 8
2417 7 12
2418 12 12
2419 3 11
2420 11 6
2421 15 3
2422 2 3
2423 5 12
2424 9 14
2425 4 3
2426 15 15
2427 14 7
2428 3 2
2429 9 2
2430 4 11
2431 8 15
2432 13 8
2433 9 2
2434 8 12
2435 8 4
2436 7 5
2437 4 6
2438 6 9
2439 4 2
2440 11 11
2441 11 5
2442 12 6
2443 9 8
2444 10 9
2445 2 3
2446 6 8
2447 4 8
2448 5 12
2449 14 10
2450 5 12
2451 14 10
2452 14 2
2453 8 14
2454 13 7
2455 9 10
2456 14 9
2457 7 11
2458 10 7
2459 8 6
2460 4 2
2461 7 11
2462 5 2
2463 14 14
2464 6 2
2465 14 9
2466 10 7
2467 14 11
2468 5 4
2469 3 5
2470 12 5
2471 6 10
2472 15 14
2473 13 2
2474 14 5
2475 11 15
2476 14 8
2477 7 15
2478 15 4
2479 4 5
2480 11 7
2481 14 13
2482 13 7
2483 11 2
2484 13 13
2485 7 11
2486 11 4
2487 11 5
2488 15 14
2489 9 10
2490 6 4
2491 9 2
2492 3 2
2493 5 11
2494 5 2
2495 10 9
2496 2 7
2497 11 5
2498 14 4
2499 7 13
2500 4 14
2501 15 15
2502 7 2
2503 2 4
2504 11 13
2505 4 14
2506 3 15
2507 10 15
2508 7 3
2509 7 13
2510 12 8
2511 11 3
2512 7 6
2513 7 4
2514 4 13
2515 8 14
2516 12 9
2517 12 7
2518 4 13
2519 10 13
2520 11 14
2521 7 5
2522 12 11
2523 15 4
2524 8 6
2525 13 13
2526 6 4
2527 4 13
2528 2 13
2529 11 8
2530 15 14
2531 11 2
2532 4 11
2533 7 14
2534 11 5
2535 12 11
2536 3 9
2537 4 7
2538 13 3
2539 5 7
2540 7 4
2541 12 3
2542 15 13
2543 12 12
2544 13 7
2545 9 2
2546 6 5
2547 5 13
2548 3 7
2549 6 14
2550 3 13
2551 2 2
2552 8 9
2553 13 8
2554 4 8
2555 9 8
2556 7 10
2557 8 3
2558 15 9
2559 14 15
2560 11 12
2561 14 12
2562 5 4
2563 9 3
2564 14 15
2565 2 6
2566 2 7
2567 6 3
2568 3 7
2569 4 8
2570 4 13
2571 3 10
2572 3 7
2573 11 11
2574 9 13
2575 2 8
2576 12 4
2577 11 8
2578 4 2
2579 3 7
2580 5 5
2581 8 13
2582 10 13
2583 13 10
2584 6 12
2585 6 6
2586 5 3
2587 2 8
2588 11 10
2589 15 9
2590 4 2
2591 7 2
2592 8 3
2593 6 15
2594 12 12
2595 11 9
2596 5 3
2597 2 5
2598 4 12
2599 6 3
2600 9 15
2601 3 6
2602 14 8
2603 9 9
2604 12 6
2605 3 12
2606 10 8
2607 4 7
2608 8 7
2609 4 9
2610 2 6
2611 9 9
2612 6 5
2613 15 6
2614 11 2
2615 4 14
2616 13 12
2617 3 3
2618 12 7
2619 14 10
2620 8 14
2621 11 5
2622 10 2
2623 15 8
2624 15 10
2625 8 10
2626 12 15
2627 9 11
2628 5 9
2629 6 3
2630 8 15
2631 13 2
2632 10 11
2633 10 14
2634 11 12
2635 11 4
2636 3 14
2637 9 4
2638 4 5
2639 14 5
2640 4 2
2641 8 3
2642 12 8
2643 5 15
2644 12 4
2645 15 11
2646 6 7
2647 13 14
2648 3 3
2649 8 10
2650 8 10
2651 7 15
2652 6 10
2653 9 15
2654 2 14
2655 13 11
2656 11 10
2657 14 8
2658 3 8
2659 4 4
2660 11 11
2661 11 14
2662 3 3
2663 11 14
2664 3 14
2665 6 15
2666 10 7
2667 8 6
2668 8 12
2669 9 11
2670 11 9
2671 2 4
2672 6 8
2673 4 11
2674 11 12
2675 13 8
2676 2 8
2677 7 13
2678 5 2
2679 13 9
2680 6 7
2681 2 7
2682 15 14
2683 6 6
2684 6 15
2685 9 15
2686 13 12
2687 3 15
2688 5 4
2689 6 13
2690 9 14
2691 15 7
2692 6 13
2693 8 11
2694 12 3
2695 5 9
2696 5 15
2697 8 13
2698 9 14
2699 10 15
2700 7 15
2701 2 10
2702 14 4
2703 3 6
2704 13 10
2705 8 4
2706 14 15
2707 10 11
2708 2 4
2709 5 15
2710 5 15
2711 2 5
2712 2 9
2713 2 7
2714 13 5
2715 6 7
2716 15 9
2717 10 8
2718 12 3
2719 12 2
2720 5 7
2721 9 11
2722 9 4
2723 15 9
2724 11 10
2725 7 7
2726 4 15
2727 6 13
2728 15 13
2729 3 6
2730 2 8
2731 2 4
2732 15 11
2733 14 5
2734 15 5
2735 12 5
2736 12 5
2737 6 12
2738 8 10
2739 2 15
2740 14 14
2741 12 2
2742 9 4
2743 12 4
2744 11 14
2745 2 5
2746 6 11
2747 14 6
2748 13 13
2749 12 6
2750 8 8
2751 15 7
2752 9 6
2753 5 9
2754 6 12
2755 10 15
2756 11 8
2757 11 3
2758 2 10
2759 12 15
2760 15 7
2761 10 12
2762 11 11
2763 6 6
2764 12 3
2765 9 3
2766 7 6
2767 12 7
2768 15 6
2769 6 12
2770 13 12
2771 6 5
2772 4 10
2773 14 5
2774 2 14
2775 15 14
2776 14 11
2777 8 12
2778 7 12
2779 4 13
2780 2 12
2781 9 6
2782 6 8
2783 8 8
2784 13 2
2785 11 13
2786 11 15
2787 5 7
2788 13 13
2789 5 12
2790 10 12
2791 14 9
2792 12 7
2793 10 6
2794 15 4
2795 15 12
2796 10 4
2797 6 3
2798 9 4
2799 13 6
2800 13 14
2801 10 14
2802 4 12
2803 7 12
2804 3 5
2805 7 5
2806 13 15
2807 6 8
2808 14 7
2809 7 6
2810 11 6
2811 9 15
2812 3 9
2813 2 15
2814 12 11
2815 11 11
2816 3 9
2817 5 10
2818 3 15
2819 12 8
2820 10 6
2821 8 2
2822 15 15
2823 4 4
2824 5 7
2825 8 11
2826 9 4
2827 7 15
2828 13 4
2829 14 3
2830 9 7
2831 12 4
2832 7 12
2833 2 2
2834 9 6
2835 5 14
2836 14 4
2837 11 14
2838 4 9
2839 14 14
2840 14 3
2841 4 11
2842 8 12
2843 8 8
2844 8 9
2845 8 2
2846 2 10
2847 5 13
2848 7 2
2849 7 14
2850 15 10
2851 5 2
2852 12 2
2853 12 13
2854 5 5
2855 13 7
2856 6 4
2857 3 8
2858 10 11
2859 6 4
2860 3 15
2861 2 6
2862 6 9
2863 13 10
2864 11 10
2865 7 8
2866 12 4
2867 7 9
2868 7 14
2869 5 4
2870 14 8
2871 2 5
2872 5 13
2873 4 5
2874 13 2
2875 11 10
2876 4 3
2877 7 13
2878 12 14
2879 2 8
2880 12 6
2881 14 10
2882 11 2
2883 11 2
2884 12 3
2885 12 15
2886 2 2
2887 13 3
2888 8 9
2889 8 3
2890 10 6
2891 9 13
2892 4 5
2893 13 12
2894 12 2
2895 6 8
2896 12 3
2897 12 10
2898 6 11
2899 11 13
2900 4 8
2901 15 3
2902 10 13
2903 11 3
2904 6 3
2905 14 3
2906 9 5
2907 11 5
2908 14 6
2909 15 10
2910 5 7
2911 13 8
2912 6 4
2913 2 10
2914 9 5
2915 13 9
2916 7 5
2917 2 2
2918 12 3
2919 3 15
2920 11 12
2921 9 4
2922 3 14
2923 10 3
2924 13 13
2925 3 6
2926 12 5
2927 9 6
2928 6 9
2929 2 3
2930 15 4
2931 15 2
2932 15 6
2933 7 14
2934 12 7
2935 8 13
2936 3 3
2937 15 14
2938 2 2
2939 15 4
2940 12 12
2941 4 7
2942 7 9
2943 11 6
2944 13 3
2945 7 15
2946 7 4
2947 3 8
2948 8 9
2949 6 15
2950 8 13
2951 15 9
2952 14 8
2953 12 14
2954 4 3
2955 4 13
2956 13 2
2957 15 4
2958 3 8
2959 11 9
2960 14 11
2961 12 9
2962 4 11
2963 8 14
2964 7 11
2965 2 15
2966 12 15
2967 13 4
2968 9 9
2969 3 8
2970 9 2
2971 3 6
2972 12 7
2973 2 13
2974 15 12
2975 10 14
2976 13 11
2977 13 11
2978 5 12
2979 15 7
2980 10 10
2981 13 13
2982 11 3
2983 8 12
2984 13 5
2985 9 7
2986 12 12
2987 12 8
2988 4 15
2989 15 10
2990 11 2
2991 2 12
2992 4 10
2993 15 9
2994 15 9
2995 15 4
2996 3 14
2997 9 7
2998 5 7
2999 6 2
3000 10 5
3001 10 12
3002 8 8
3003 15 5
3004 3 9
3005 9 14
3006 11 9
3007 3 15
3008 9 9
3009 7 3
3010 9 13
3011 12 2
3012 3 8
3013 8 2
3014 10 10
3015 2 15
3016 3 14
3017 11 11
3018 12 6
3019 10 10
3020 5 12
3021 12 9
3022 7 7
3023 15 2
3024 15 5
3025 15 9
3026 7 10
3027 14 11
3028 11 9
3029 13 12
3030 7 13
3031 9 3
3032 3 14
3033 12 5
3034 2 7
3035 7 15
3036 12 14
3037 6 10
3038 10 7
3039 13 3
3040 2 4
3041 9 4
3042 15 13
3043 13 13
3044 8 3
3045 6 11
3046 5 5
3047 3 15
3048 8 5
3049 9 15
3050 14 5
3051 13 7
3052 3 14
3053 8 2
3054 12 15
3055 12 11
3056 3 14
3057 9 9
3058 12 11
3059 10 4
3060 9 2
3061 10 13
3062 2 10
3063 8 15
3064 11 9
3065 10 14
3066 4 13
3067 11 4
3068 13 15
3069 4 3
3070 8 12
3071 11 11
3072 7 10
3073 8 8
3074 11 13
3075 14 5
3076 6 8
3077 7 6
3078 9 14
3079 4 4
3080 8 11
3081 13 13
3082 10 6
3083 15 13
3084 10 15
3085 7 13
3086 13 10
3087 12 5
3088 5 5
3089 11 13
3090 6 12
3091 7 12
3092 4 13
3093 12 4
3094 10 10
3095 13 12
3096 7 13
3097 3 14
3098 7 10
3099 9 11
3100 11 12
3101 13 8
3102 12 13
3103 15 10
3104 6 15
3105 8 14
3106 2 10
3107 3 2
3108 8 4
3109 2 12
3110 2 5
3111 6 14
3112 14 4
3113 6 12
3114 6 4
3115 15 2
3116 13 14
3117 6 5
3118 14 10
3119 2 7
3120 15 9
3121 3 11
3122 15 12
3123 13 10
3124 15 5
3125 13 12
3126 10 8
3127 5 10
3128 14 14
3129 14 13
3130 6 13
3131 12 2
3132 8 8
3133 8 14
3134 12 7
3135 10 2
3136 2 13
3137 6 5
3138 11 15
3139 14 15
3140 15 9
3141 15 5
3142 12 13
3143 13 12
3144 7 14
3145 11 10
3146 13 11
3147 5 14
3148 13 5
3149 6 9
3150 4 12
3151 3 4
3152 4 13
3153 10 3
3154 8 2
3155 8 6
3156 10 6
3157 4 4
3158 11 15
3159 6 2
3160 7 9
3161 13 4
3162 2 4
3163 7 11
3164 2 14
3165 12 11
3166 15 12
3167 6 9
3168 14 11
3169 10 7
3170 3 14
3171 13 7
3172 10 5
3173 4 10
3174 3 14
3175 10 4
3176 8 10
3177 10 8
3178 3 7
3179 5 5
3180 12 7
3181 7 7
3182 6 5
3183 14 11
3184 10 9
3185 10 15
3186 14 12
3187 2 3
3188 12 7
3189 9 5
3190 12 11
3191 11 5
3192 2 12
3193 7 8
3194 14 3
3195 8 6
3196 10 13
3197 6 2
3198 10 15
3199 14 7
3200 10 14
3201 10 9
3202 9 2
3203 6 12
3204 5 7
3205 10 3
3206 3 4
3207 14 10
3208 10 2
3209 12 3
3210 5 12
3211 12 14
3212 5 15
3213 12 8
3214 15 3
3215 5 10
3216 15 13
3217 13 14
3218 8 12
3219 15 3
3220 13 12
3221 4 2
3222 9 13
3223 7 2
3224 3 3
3225 2 4
3226 14 6
3227 10 3
3228 11 15
3229 5 6
3230 8 8
3231 9 12
3232 8 8
3233 7 2
3234 8 12
3235 3 10
3236 2 12
3237 13 11
3238 3 14
3239 13 11
3240 2 13
3241 15 3
3242 7 10
3243 3 6
3244 14 12
3245 6 11
3246 3 6
3247 14 9
3248 8 8
3249 15 12
3250 2 9
3251 4 10
3252 5 4
3253 13 8
3254 14 14
3255 15 10
3256 6 12
3257 4 6
3258 12 14
3259 15 13
3260 12 7
3261 2 10
3262 15 10
3263 4 3
3264 2 2
3265 11 11
3266 8 10
3267 10 3
3268 6 5
3269 13 13
3270 13 7
3271 5 8
3272 12 15
3273 10 4
3274 4 4
3275 5 11
3276 15 6
3277 5 3
3278 4 12
3279 14 11
3280 15 2
3281 15 14
3282 10 9
3283 12 10
3284 3 6
3285 12 3
3286 6 3
3287 5 13
3288 11 9
3289 7 7
3290 4 12
3291 12 5
3292 3 6
3293 11 3
3294 5 7
3295 9 9
3296 7 11
3297 12 6
3298 13 11
3299 4 11
3300 11 7
3301 14 7
3302 8 4
3303 2 7
3304 5 14
3305 5 13
3306 13 12
3307 8 6
3308 15 7
3309 4 12
3310 13 7
3311 9 9
3312 9 7
3313 14 6
3314 9 10
3315 3 4
3316 12 11
3317 3 15
3318 6 15
3319 15 4
3320 10 5
3321 6 13
3322 12 3
3323 13 3
3324 2 15
3325 10 12
3326 2 15
3327 11 11
3328 8 14
3329 11 5
3330 2 10
3331 6 10
3332 10 9
3333 12 14
3334 4 7
3335 8 5
3336 14 11
3337 13 15
3338 6 4
3339 9 10
3340 10 3
3341 8 7
3342 10 2
3343 12 5
3344 15 14
3345 11 12
3346 4 14
3347 10 4
3348 9 4
3349 4 11
3350 11 12
3351 15 4
3352 13 13
3353 9 7
3354 2 5
3355 14 9
3356 5 3
3357 6 7
3358 5 2
3359 12 5
3360 10 14
3361 7 8
3362 9 9
3363 2 2
3364 12 7
3365 3 13
3366 10 12
3367 15 6
3368 15 13
3369 6 11
3370 10 11
3371 4 8
3372 12 8
3373 7 11
3374 12 15
3375 3 10
3376 6 8
3377 5 10
3378 8 7
3379 15 15
3380 7 9
3381 14 9
3382 11 2
3383 10 4
3384 9 4
3385 5 3
3386 10 12
3387 6 5
3388 4 4
3389 4 7
3390 11 13
3391 15 3
3392 12 5
3393 8 14
3394 7 13
3395 3 9
3396 12 9
3397 9 5
3398 11 4
3399 12 15
3400 8 2
3401 5 2
3402 4 11
3403 11 4
3404 4 12
3405 10 2
3406 11 4
3407 2 4
3408 6 4
3409 10 8
3410 11 11
3411 12 2
3412 13 13
3413 12 15
3414 6 3
3415 5 9
3416 11 9
3417 15 9
3418 4 5
3419 15 8
3420 11 4
3421 14 11
3422 15 14
3423 4 11
3424 12 10
3425 6 4
3426 13 12
3427 7 9
3428 11 11
3429 3 5
3430 8 8
3431 4 3
3432 2 5
3433 10 15
3434 10 12
3435 8 15
3436 4 11
3437 3 4
3438 9 11
3439 11 2
3440 14 10
3441 10 14
3442 3 3
3443 9 12
3444 4 11
3445 10 15
3446 2 14
3447 12 12
3448 8 10
3449 8 7
3450 15 2
3451 13 10
3452 8 5
3453 14 9
3454 14 14
3455 8 7
3456 11 14
3457 13 14
3458 15 13
3459 11 3
3460 8 4
3461 6 9
3462 14 5
3463 15 3
3464 6 11
3465 10 8
3466 6 5
3467 2 13
3468 13 14
3469 2 11
3470 10 3
3471 10 2
3472 8 12
3473 5 13
3474 14 7
3475 8 7
3476 3 4
3477 8 12
3478 11 6
3479 6 15
3480 10 8
3481 11 7
3482 11 6
3483 12 8
3484 14 5
3485 8 10
3486 14 10
3487 9 4
3488 7 10
3489 10 9
3490 6 6
3491 11 7
3492 14 13
3493 8 13
3494 4 15
3495 15 12
3496 3 13
3497 5 9
3498 14 13
3499 4 3
3500 5 10
3501 8 14
3502 7 14
3503 10 11
3504 13 12
3505 13 2
3506 4 8
3507 12 2
3508 14 3
3509 15 4
3510 9 11
3511 8 3
3512 3 6
3513 5 7
3514 3 11
3515 2 13
3516 8 8
3517 11 12
3518 10 6
3519 13 11
3520 2 14
3521 15 4
3522 12 9
3523 9 2
3524 5 15
3525 12 14
3526 10 6
3527 5 2
3528 14 11
3529 10 10
3530 13 5
3531 11 4
3532 12 2
3533 7 5
3534 12 2
3535 4 3
3536 6 14
3537 8 7
3538 12 8
3539 8 11
3540 5 10
3541 2 13
3542 13 3
3543 3 10
3544 6 13
3545 15 10
3546 11 7
3547 7 15
3548 6 5
3549 11 5
3550 9 8
3551 11 2
3552 6 4
3553 8 10
3554 3 10
3555 3 10
3556 6 7
3557 3 14
3558 10 6
3559 10 15
3560 14 11
3561 6 13
3562 9 8
3563 11 9
3564 14 5
3565 14 7
3566 14 9
3567 12 9
3568 11 15
3569 2 9
3570 3 6
3571 3 8
3572 12 14
3573 5 12
3574 13 5
3575 14 7
3576 8 7
3577 10 10
3578 2 13
3579 15 6
3580 5 6
3581 3 8
3582 12 13
3583 15 7
3584 3 10
3585 4 9
3586 7 7
3587 5 11
3588 6 4
3589 13 12
3590 5 9
3591 13 5
3592 5 13
3593 5 15
3594 6 5
3595 5 5
3596 15 5
3597 15 11
3598 7 4
3599 14 3
3600 3 3
3601 12 12
3602 9 11
3603 2 14
3604 15 10
3605 2 15
3606 9 7
3607 11 7
3608 9 11
3609 15 6
3610 9 4
3611 14 10
3612 6 8
3613 5 14
3614 11 4
3615 2 10
3616 14 8
3617 9 10
3618 2 10
3619 7 8
3620 15 12
3621 14 4
3622 9 3
3623 13 10
3624 9 7
3625 13 2
3626 2 12
3627 5 8
3628 11 3
3629 7 7
3630 11 15
3631 6 4
3632 10 6
3633 5 6
3634 9 11
3635 7 7
3636 4 9
3637 8 5
3638 8 13
3639 14 7
3640 7 15
3641 8 6
3642 9 4
3643 11 4
3644 11 12
3645 5 15
3646 3 13
3647 6 14
3648 5 10
3649 8 15
3650 8 5
3651 4 14
3652 13 4
3653 9 14
3654 2 4
3655 8 9
3656 4 15
3657 12 10
3658 10 13
3659 7 14
3660 9 6
3661 6 10
3662 15 11
3663 2 8
3664 3 13
3665 4 2
3666 5 15
3667 6 9
3668 15 12
3669 3 9
3670 13 7
3671 6 7
3672 7 10
3673 10 14
3674 6 7
3675 2 8
3676 3 7
3677 15 12
3678 11 5
3679 11 11
3680 12 12
3681 10 4
3682 14 6
3683 7 7
3684 12 10
3685 9 14
3686 13 9
3687 3 8
3688 11 6
3689 9 12
3690 4 15
3691 4 12
3692 14 7
3693 8 12
3694 11 11
3695 8 15
3696 3 3
3697 4 7
3698 5 7
3699 7 12
3700 6 13
3701 6 11
3702 12 8
3703 6 9
3704 14 15
3705 7 13
3706 11 10
3707 9 8
3708 4 4
3709 15 2
3710 4 13
3711 5 12
3712 6 13
3713 13 13
3714 3 5
3715 4 8
3716 3 3
3717 3 9
3718 10 2
3719 2 14
3720 8 10
3721 14 3
3722 3 6
3723 11 4
3724 3 12
3725 8 6
3726 5 5
3727 13 6
3728 9 12
3729 4 4
3730 10 15
3731 4 2
3732 2 12
3733 7 15
3734 7 15
3735 9 9
3736 15 10
3737 6 10
3738 9 4
3739 13 10
3740 4 11
3741 11 9
3742 12 13
3743 12 11
3744 8 10
3745 12 12
3746 10 6
3747 7 9
3748 10 5
3749 14 3
3750 9 6
3751 7 8
3752 6 4
3753 6 2
3754 2 10
3755 15 14
3756 15 4
3757 7 6
3758 9 10
3759 2 13
3760 9 14
3761 9 6
3762 2 14
3763 8 14
3764 6 11
3765 5 14
3766 2 10
3767 7 5
3768 8 10
3769 8 8
3770 5 4
3771 13 13
3772 12 8
3773 15 8
3774 5 6
3775 3 8
3776 12 5
3777 10 14
3778 14 11
3779 14 13
3780 12 6
3781 6 12
3782 13 10
3783 14 6
3784 8 5
3785 15 3
3786 4 4
3787 6 3
3788 12 9
3789 11 9
3790 6 13
3791 11 9
3792 5 7
3793 2 4
3794 2 10
3795 2 4
3796 3 6
3797 6 4
3798 13 9
3799 13 2
3800 5 3
3801 4 2
3802 9 5
3803 7 8
3804 6 14
3805 14 9
3806 7 9
3807 13 14
3808 2 7
3809 3 15
3810 14 4
3811 2 6
3812 14 8
3813 3 10
3814 9 4
3815 5 15
3816 6 15
3817 8 15
3818 2 3
3819 14 13
3820 5 8
3821 14 9
3822 5 13
3823 2 5
3824 9 13
3825 14 3
3826 10 12
3827 5 9
3828 8 12
3829 6 7
3830 4 12
3831 13 2
3832 13 10
3833 10 3
3834 6 9
3835 12 6
3836 5 7
3837 2 15
3838 12 5
3839 3 5
3840 12 8
3841 7 2
3842 4 14
3843 6 11
3844 3 8
3845 14 5
3846 2 2
3847 11 14
3848 13 9
3849 13 11
3850 4 7
3851 14 3
3852 5 4
3853 9 3
3854 12 11
3855 7 14
3856 12 2
3857 2 7
3858 12 4
3859 13 10
3860 14 3
3861 4 9
3862 5 7
3863 10 14
3864 12 14
3865 7 14
3866 9 13
3867 5 2
3868 13 8
3869 7 13
3870 4 6
3871 2 9
3872 13 9
3873 10 6
3874 10 13
3875 9 5
3876 11 4
3877 10 7
3878 7 13
3879 9 6
3880 15 15
3881 11 15
3882 10 4
3883 3 10
3884 4 9
3885 6 15
3886 6 10
3887 7 9
3888 2 14
3889 12 10
3890 8 13
3891 4 2
3892 11 15
3893 7 14
3894 11 5
3895 7 13
3896 3 12
3897 10 15
3898 8 5
3899 10 12
3900 9 14
3901 10 4
3902 11 6
3903 7 8
3904 12 7
3905 3 3
3906 10 12
3907 3 2
3908 15 4
3909 4 15
3910 2 5
3911 3 9
3912 5 3
3913 2 11
3914 12 15
3915 8 12
3916 9 10
3917 11 13
3918 11 6
3919 2 7
3920 5 11
3921 13 3
3922 2 5
3923 12 9
3924 15 3
3925 9 14
3926 12 2
3927 7 10
3928 13 8
3929 15 7
3930 14 13
3931 2 15
3932 11 6
3933 10 2
3934 13 3
3935 15 6
3936 3 5
3937 10 3
3938 3 13
3939 5 10
3940 8 5
3941 5 10
3942 12 5
3943 11 12
3944 4 10
3945 13 10
3946 8 13
3947 3 14
3948 12 11
3949 7 12
3950 9 13
3951 12 8
3952 3 4
3953 14 4
3954 10 8
3955 10 7
3956 12 4
3957 10 11
3958 9 7
3959 7 10
3960 7 15
3961 7 8
3962 14 12
3963 8 15
3964 13 7
3965 11 5
3966 11 10
3967 5 8
3968 14 10
3969 13 6
3970 7 9
3971 9 8
3972 2 13
3973 2 6
3974 11 2
3975 10 4
3976 6 2
3977 6 5
3978 5 15
3979 7 2
3980 14 15
3981 13 15
3982 6 10
3983 10 10
3984 11 11
3985 4 3
3986 2 9
3987 7 4
3988 4 6
3989 7 11
3990 5 5
3991 6 14
3992 6 3
3993 11 8
3994 11 5
3995 13 3
3996 13 7
3997 14 9
3998 4 9
3999 15 13
4000 13 11
4001 15 3
4002 11 12
4003 6 2
4004 13 14
4005 11 8
4006 3 14
4007 2 14
4008 7 7
4009 15 8
4010 8 15
4011 3 15
4012 14 5
4013 13 12
4014 15 11
4015 2 12
4016 14 12
4017 8 2
4018 6 10
4019 2 7
4020 10 11
4021 4 7
4022 10 13
4023 5 4
4024 2 12
4025 13 8
4026 9 14
4027 11 11
4028 10 3
4029 5 8
4030 6 14
4031 8 4
4032 4 7
4033 3 9
4034 11 13
4035 2 10
4036 8 6
4037 3 8
4038 10 8
4039 14 13
4040 4 14
4041 4 9
4042 10 5
4043 9 8
4044 12 11
4045 5 10
4046 11 13
4047 10 5
4048 5 3
4049 6 14
4050 8 7
4051 12 11
4052 3 3
4053 12 8
4054 8 7
4055 7 5
4056 7 7
4057 11 12
4058 2 14
4059 6 4
4060 7 11
4061 15 14
4062 9 11
4063 4 9
4064 2 15
4065 5 5
4066 12 7
4067 4 14
4068 13 15
4069 3 3
4070 13 2
4071 5 11
4072 4 15
4073 15 15
4074 6 2
4075 7 13
4076 14 3
4077 6 9
4078 9 2
4079 7 5
4080 13 10
4081 5 5
4082 10 10
4083 14 6
4084 10 9
4085 11 13
4086 4 13
4087 13 12
4088 2 8
4089 11 12
4090 10 2
4091 6 4
4092 2 6
4093 5 14
4094 13 11
4095 6 2
4096 9 12
4097 2 3
4098 8 12
4099 6 12
4100 15 12
4101 7 15
4102 3 2
4103 6 15
4104 12 8
4105 5 8
4106 10 13
4107 3 7
4108 9 15
4109 11 10
4110 3 4
4111 5 10
4112 9 10
4113 13 2
4114 2 5
4115 10 6
4116 7 9
4117 8 13
4118 4 2
4119 7 12
4120 7 7
4121 12 6
4122 5 10
4123 6 14
4124 2 12
4125 6 8
4126 15 2
4127 10 6
4128 5 4
4129 7 8
4130 12 4
4131 3 13
4132 8 10
4133 12 11
4134 15 12
4135 12 5
4136 8 5
4137 11 4
4138 8 6
4139 11 7
4140 9 10
4141 4 5
4142 12 4
4143 11 10
4144 12 14
4145 5 15
4146 4 6
4147 13 13
4148 10 4
4149 8 14
4150 4 12
4151 11 4
4152 7 3
4153 10 10
4154 13 3
4155 4 7
4156 15 4
4157 13 2
4158 14 7
4159 8 8
4160 6 9
4161 13 15
4162 12 13
4163 6 4
4164 14 5
4165 3 4
4166 4 2
4167 14 11
4168 11 6
4169 11 11
4170 11 5
4171 11 5
4172 5 12
4173 2 7
4174 3 13
4175 14 9
4176 4 10
4177 15 11
4178 9 13
4179 12 7
4180 4 15
4181 8 9
4182 9 4
4183 4 5
4184 5 2
4185 8 14
4186 2 6
4187 8 5
4188 13 12
4189 5 14
4190 5 3
4191 4 9
4192 15 11
4193 9 13
4194 7 15
4195 9 5
4196 8 8
4197 14 2
4198 11 13
4199 15 8
4200 13 7
4201 8 11
4202 13 11
4203 11 10
4204 10 12
4205 13 14
4206 2 10
4207 3 9
4208 9 15
4209 2 5
4210 10 10
4211 8 13
4212 2 10
4213 8 10
4214 14 12
4215 2 5
4216 6 9
4217 8 6
4218 14 15
4219 6 9
4220 4 8
4221 6 11
4222 2 13
4223 10 4
4224 9 15
4225 12 9
4226 3 13
4227 10 3
4228 4 14
4229 11 13
4230 10 4
4231 8 8
4232 7 9
4233 2 4
4234 9 11
4235 13 5
4236 9 3
4237 6 7
4238 13 12
4239 13 14
4240 4 13
4241 13 3
4242 3 3
4243 13 9
4244 12 7
4245 3 10
4246 13 8
4247 13 14
4248 10 11
4249 4 8
4250 10 8
4251 2 14
4252 4 7
4253 11 15
4254 12 15
4255 4 4
4256 15 4
4257 4 14
4258 13 2
4259 8 6
4260 6 13
4261 14 9
4262 6 12
4263 4 3
4264 4 5
4265 2 11
4266 14 6
4267 2 9
4268 9 15
4269 9 10
4270 14 2
4271 11 9
4272 5 5
4273 11 12
4274 9 9
4275 8 9
4276 3 11
4277 11 2
4278 5 10
4279 6 11
4280 12 10
4281 15 15
4282 5 2
4283 4 4
4284 2 12
4285 7 2
4286 4 15
4287 2 12
4288 11 15
4289 11 6
4290 7 3
4291 2 3
4292 8 4
4293 4 12
4294 6 11
4295 12 13
4296 13 11
4297 11 14
4298 10 4
4299 9 13
4300 11 7
4301 2 3
4302 14 6
4303 7 7
4304 8 15
4305 3 14
4306 8 15
4307 10 3
4308 6 9
4309 4 3
4310 13 15
4311 6 7
4312 10 8
4313 10 5
4314 13 5
4315 11 2
4316 3 11
4317 13 12
4318 10 3
4319 9 13
4320 13 11
4321 14 13
4322 6 8
4323 11 15
4324 7 6
4325 10 11
4326 11 7
4327 4 11
4328 11 9
4329 10 13
4330 12 9
4331 9 14
4332 4 11
4333 5 13
4334 6 5
4335 2 3
4336 2 9
4337 12 14
4338 3 13
4339 15 5
4340 14 11
4341 8 8
4342 2 7
4343 7 10
4344 14 12
4345 5 2
4346 12 5
4347 13 6
4348 6 14
4349 3 6
4350 6 10
4351 10 7
4352 14 2
4353 3 12
4354 7 7
4355 8 13
4356 11 11
4357 2 15
4358 4 5
4359 7 15
4360 7 12
4361 9 9
4362 14 2
4363 12 4
4364 9 4
4365 12 9
4366 15 10
4367 7 9
4368 14 15
4369 8 13
4370 2 15
4371 10 6
4372 11 13
4373 12 7
4374 10 10
4375 2 5
4376 11 12
4377 7 14
4378 14 7
4379 3 4
4380 6 15
4381 2 7
4382 8 12
4383 10 15
4384 4 11
4385 11 8
4386 4 11
4387 3 15
4388 14 14
4389 6 13
4390 15 7
4391 13 2
4392 6 8
4393 3 9
4394 5 7
4395 9 15
4396 6 5
4397 10 6
4398 4 3
4399 7 14
4400 2 14
4401 5 3
4402 9 10
4403 2 14
4404 9 10
4405 4 5
4406 7 9
4407 13 15
4408 10 6
4409 14 7
4410 4 14
4411 15 3
4412 15 10
4413 12 4
4414 5 13
4415 2 9
4416 8 13
4417 15 10
4418 3 2
4419 6 2
4420 12 15
4421 11 15
4422 3 7
4423 9 2
4424 3 10
4425 14 12
4426 13 6
4427 2 11
4428 14 6
4429 12 5
4430 7 5
4431 5 6
4432 6 10
4433 7 14
4434 9 12
4435 3 6
4436 4 4
4437 6 3
4438 2 11
4439 10 10
4440 3 5
4441 10 7
4442 10 7
4443 6 4
4444 13 14
4445 6 11
4446 5 4
4447 3 6
4448 11 7
4449 10 9
4450 2 4
4451 2 9
4452 12 2
4453 3 8
4454 2 3
4455 8 8
4456 4 13
4457 11 11
4458 12 15
4459 13 13
4460 9 11
4461 7 6
4462 7 15
4463 5 13
4464 14 12
4465 14 10
4466 3 14
4467 14 9
4468 11 4
4469 3 15
4470 14 13
4471 9 3
4472 9 6
4473 12 12
4474 13 14
4475 9 9
4476 5 5
4477 4 15
4478 11 6
4479 7 8
4480 4 13
4481 12 7
4482 14 15
4483 7 9
4484 9 2
4485 3 9
4486 3 7
4487 9 9
4488 15 4
4489 6 14
4490 7 11
4491 11 4
4492 10 3
4493 8 15
4494 13 14
4495 3 7
4496 10 12
4497 3 14
4498 6 10
4499 9 8
4500 11 8
4501 5 11
4502 5 10
4503 4 9
4504 8 3
4505 7 5
4506 15 13
4507 11 8
4508 14 8
4509 11 14
4510 7 10
4511 13 5
4512 4 12
4513 12 3
4514 13 13
4515 11 15
4516 9 3
4517 11 11
4518 9 7
4519 10 3
4520 15 9
4521 4 6
4522 8 3
4523 11 3
4524 12 15
4525 11 14
4526 15 8
4527 7 9
4528 12 12
4529 2 3
4530 5 15
4531 4 11
4532 14 12
4533 14 2
4534 14 4
4535 12 4
4536 9 10
4537 6 8
4538 11 11
4539 9 5
4540 5 12
4541 7 6
4542 11 14
4543 12 6
4544 8 13
4545 7 3
4546 11 2
4547 11 10
4548 8 15
4549 4 15
4550 6 2
4551 7 10
4552 2 2
4553 13 10
4554 15 7
4555 3 15
4556 6 15
4557 2 5
4558 8 13
4559 11 8
4560 12 7
4561 13 8
4562 8 8
4563 8 10
4564 5 12
4565 4 9
4566 4 5
4567 10 8
4568 15 7
4569 15 8
4570 4 6
4571 15 12
4572 4 4
4573 2 3
4574 12 2
4575 4 13
4576 9 12
4577 8 4
4578 3 4
4579 12 14
4580 8 15
4581 9 14
4582 13 11
4583 8 11
4584 4 9
4585 10 8
4586 10 15
4587 9 8
4588 7 5
4589 4 8
4590 11 2
4591 11 9
4592 15 13
4593 5 13
4594 10 6
4595 8 10
4596 11 7
4597 2 2
4598 11 9
4599 13 7
4600 3 11
4601 9 13
4602 3 4
4603 13 13
4604 10 15
4605 14 14
4606 6 9
4607 10 3
4608 10 11
4609 3 5
4610 9 12
4611 13 12
4612 12 3
4613 12 12
4614 10 14
4615 11 6
4616 11 2
4617 7 10
4618 14 2
4619 9 9
4620 10 9
4621 11 13
4622 7 8
4623 7 14
4624 6 6
4625 4 2
4626 13 11
4627 13 6
4628 13 14
4629 11 6
4630 2 12
4631 9 11
4632 4 11
4633 2 12
4634 6 14
4635 13 11
4636 2 6
4637 9 3
4638 4 10
4639 3 15
4640 14 6
4641 6 4
4642 11 6
4643 6 15
4644 6 2
4645 13 3
4646 11 4
4647 11 13
4648 4 12
4649 9 7
4650 14 4
4651 6 14
4652 13 5
4653 9 4
4654 14 10
4655 15 2
4656 7 3
4657 4 11
4658 15 4
4659 15 9
4660 14 8
4661 14 8
4662 5 12
4663 9 13
4664 12 4
4665 5 11
4666 13 15
4667 7 2
4668 12 6
4669 14 15
4670 3 2
4671 4 9
4672 8 9
4673 6 9
4674 13 14
4675 10 5
4676 8 12
4677 13 8
4678 9 6
4679 4 10
4680 15 8
4681 2 6
4682 14 9
4683 8 12
4684 7 10
4685 12 2
4686 3 10
4687 12 7
4688 15 8
4689 11 12
4690 15 6
4691 7 6
4692 6 14
4693 3 6
4694 12 11
4695 8 9
4696 14 12
4697 13 5
4698 13 12
4699 11 14
4700 5 10
4701 7 12
4702 13 4
4703 7 10
4704 2 12
4705 2 15
4706 3 2
4707 8 3
4708 10 3
4709 12 9
4710 7 5
4711 13 6
4712 6 5
4713 2 2
4714 11 3
4715 2 11
4716 12 15
4717 5 11
4718 12 3
4719 13 3
4720 3 15
4721 11 4
4722 8 12
4723 14 12
4724 11 14
4725 4 3
4726 13 4
4727 6 6
4728 9 12
4729 3 12
4730 9 6
4731 14 8
4732 13 12
4733 14 14
4734 7 6
4735 4 14
4736 3 6
4737 14 2
4738 8 8
4739 7 2
4740 6 15
4741 6 4
4742 9 3
4743 9 5
4744 11 8
4745 4 12
4746 9 3
4747 4 10
4748 14 8
4749 5 11
4750 12 3
4751 9 13
4752 6 3
4753 2 3
4754 3 11
4755 13 6
4756 14 9
4757 2 9
4758 4 12
4759 12 2
4760 2 12
4761 8 6
4762 4 13
4763 7 8
4764 11 2
4765 10 13
4766 14 9
4767 9 8
4768 8 15
4769 13 14
4770 14 14
4771 3 10
4772 5 2
4773 8 13
4774 15 14
4775 9 3
4776 11 10
4777 7 7
4778 12 6
4779 8 2
4780 12 12
4781 3 7
4782 10 15
4783 7 3
4784 15 9
4785 14 14
4786 6 12
4787 5 4
4788 10 2
4789 8 12
4790 5 6
4791 13 8
4792 3 12
4793 13 7
4794 9 3
4795 12 9
4796 13 5
4797 4 2
4798 5 2
4799 13 11
4800 5 9
4801 8 3
4802 14 10
4803 12 6
4804 9 10
4805 15 14
4806 9 2
4807 2 7
4808 2 7
4809 14 13
4810 2 8
4811 3 5
4812 14 12
4813 12 10
4814 9 12
4815 15 15
4816 10 4
4817 13 11
4818 5 3
4819 2 13
4820 4 9
4821 12 2
4822 9 11
4823 2 5
4824 13 12
4825 4 2
4826 4 12
4827 2 6
4828 15 14
4829 3 9
4830 11 4
4831 15 11
4832 3 15
4833 15 3
4834 3 9
4835 11 14
4836 11 5
4837 3 14
4838 5 8
4839 7 14
4840 15 13
4841 12 8
4842 7 3
4843 12 11
4844 10 4
4845 7 15
4846 14 5
4847 14 2
4848 11 4
4849 7 3
4850 3 6
4851 4 14
4852 8 4
4853 13 7
4854 10 4
4855 9 5
4856 11 2
4857 4 3
4858 14 15
4859 12 11
4860 8 14
4861 4 2
4862 9 3
4863 2 2
4864 4 3
4865 13 12
4866 11 6
4867 8 13
4868 14 14
4869 14 9
4870 13 4
4871 5 4
4872 12 6
4873 10 9
4874 8 5
4875 4 11
4876 13 2
4877 11 4
4878 13 9
4879 11 3
4880 12 15
4881 14 6
4882 7 8
4883 2 10
4884 5 5
4885 3 10
4886 3 11
4887 7 15
4888 14 10
4889 10 5
4890 9 14
4891 12 12
4892 5 6
4893 2 5
4894 3 14
4895 4 12
4896 15 9
4897 9 4
4898 4 12
4899 2 2
4900 12 7
4901 6 5
4902 8 6
4903 7 11
4904 14 14
4905 9 2
4906 3 13
4907 2 10
4908 4 4
4909 14 2
4910 9 10
4911 3 3
4912 5 13
4913 9 11
4914 11 7
4915 8 5
4916 13 12
4917 7 5
4918 14 3
4919 7 5
4920 3 5
4921 13 8
4922 15 5
4923 8 5
4924 3 9
4925 11 9
4926 2 8
4927 4 5
4928 11 9
4929 4 8
4930 7 4
4931 9 13
4932 5 12
4933 7 6
4934 5 7
4935 4 2
4936 13 11
4937 2 6
4938 4 3
4939 15 9
4940 9 8
4941 4 14
4942 7 5
4943 6 11
4944 4 14
4945 14 12
4946 11 4
4947 11 10
4948 15 5
4949 3 8
4950 15 10
4951 9 15
4952 5 11
4953 9 15
4954 9 6
4955 2 13
4956 8 13
4957 15 5
4958 5 7
4959 8 11
4960 5 11
4961 4 11
4962 2 8
4963 2 2
4964 9 13
4965 14 10
4966 2 8
4967 10 8
4968 9 14
4969 14 13
4970 15 3
4971 9 9
4972 5 3
4973 10 14
4974 2 13
4975 13 8
4976 5 4
4977 7 6
4978 5 12
4979 3 2
4980 9 12
4981 6 4
4982 13 9
4983 15 11
4984 13 11
4985 2 9
4986 9 14
4987 4 15
4988 13 8
4989 4 14
4990 15 7
4991 12 9
4992 13 12
4993 2 15
4994 12 3
4995 8 13
4996 7 10
4997 2 6
4998 8 14
4999 6 13
5000 11 10
5001 11 14
5002 5 14
5003 12 3
5004 11 7
5005 13 2
5006 10 12
5007 7 2
5008 3 8
5009 7 9
5010 11 2
5011 7 7
5012 4 12
5013 10 13
5014 3 10
5015 13 14
5016 5 4
5017 7 5
5018 10 3
5019 12 9
5020 13 14
5021 11 15
5022 13 5
5023 14 13
5024 14 5
5025 7 7
5026 6 10
5027 12 8
5028 6 2
5029 3 7
5030 7 9
5031 9 10
5032 10 15
5033 3 9
5034 13 10
5035 12 15
5036 10 6
5037 9 11
5038 7 14
5039 12 13
5040 14 3
5041 5 9
5042 3 3
5043 8 4
5044 6 3
5045 3 4
5046 6 3
5047 13 4
5048 9 4
5049 15 5
5050 10 12
5051 2 6
5052 8 12
5053 10 4
5054 9 7
5055 8 9
5056 13 12
5057 2 6
5058 5 3
5059 2 15
5060 14 5
5061 15 10
5062 12 7
5063 8 11
5064 7 12
5065 12 14
5066 7 9
5067 11 12
5068 13 10
5069 15 10
5070 9 9
5071 6 11
5072 4 14
5073 6 4
5074 14 6
5075 5 9
5076 7 6
5077 14 15
5078 2 4
5079 7 6
5080 9 4
5081 11 4
5082 13 10
5083 6 4
5084 4 15
5085 13 13
5086 12 14
5087 4 4
5088 5 3
5089 2 7
5090 11 4
5091 9 6
5092 7 4
5093 5 10
5094 13 2
5095 12 7
5096 7 4
5097 7 9
5098 10 4
5099 10 6
5100 3 2
5101 8 9
5102 14 4
5103 9 7
5104 4 2
5105 13 10
5106 10 7
5107 12 13
5108 6 9
5109 6 14
5110 11 12
5111 4 14
5112 11 13
5113 9 7
5114 13 3
5115 13 9
5116 2 4
5117 12 10
5118 3 6
5119 2 8
5120 11 15
5121 5 9
5122 7 3
5123 7 2
5124 11 12
5125 5 11
5126 10 5
5127 14 14
5128 6 5
5129 2 3
5130 10 15
5131 9 12
5132 12 3
5133 10 8
5134 5 9
5135 7 11
5136 11 10
5137 2 12
5138 7 8
5139 4 13
5140 15 8
5141 7 8
5142 7 2
5143 6 7
5144 7 6
5145 9 15
5146 10 3
5147 5 13
5148 9 13
5149 8 14
5150 9 6
5151 4 14
5152 13 8
5153 13 8
5154 4 15
5155 11 11
5156 3 4
5157 5 6
5158 9 15
5159 10 7
5160 3 11
5161 14 8
5162 3 2
5163 8 12
5164 6 8
5165 4 10
5166 9 13
5167 11 14
5168 4 5
5169 4 15
5170 8 6
5171 10 9
5172 2 15
5173 15 6
5174 15 11
5175 6 9
5176 10 13
5177 9 5
5178 2 14
5179 2 4
5180 6 6
5181 12 15
5182 12 9
5183 3 12
5184 12 6
5185 8 4
5186 9 13
5187 12 5
5188 2 3
5189 14 6
5190 9 3
5191 11 13
5192 7 11
5193 9 11
5194 8 15
5195 6 12
5196 12 9
5197 13 15
5198 3 7
5199 10 13
5200 11 2
5201 15 6
5202 4 11
5203 2 4
5204 7 9
5205 13 4
5206 7 4
5207 2 6
5208 7 8
5209 12 7
5210 2 6
5211 6 10
5212 12 3
5213 10 5
5214 14 12
5215 4 14
5216 3 11
5217 14 4
5218 10 7
5219 15 7
5220 15 15
5221 12 14
5222 6 6
5223 12 13
5224 13 7
5225 3 10
5226 11 7
5227 15 4
5228 2 4
5229 10 6
5230 7 14
5231 9 8
5232 7 4
5233 3 5
5234 4 10
5235 5 15
5236 5 14
5237 10 11
5238 13 15
5239 10 15
5240 10 13
5241 10 13
5242 14 14
5243 3 8
5244 9 3
5245 3 15
5246 4 2
5247 9 7
5248 6 13
5249 7 4
5250 15 9
5251 11 10
5252 14 7
5253 4 13
5254 6 2
5255 13 15
5256 3 5
5257 4 15
5258 13 4
5259 13 5
5260 6 4
5261 5 4
5262 3 8
5263 13 14
5264 14 3
5265 3 2
5266 14 9
5267 14 8
5268 2 5
5269 3 2
5270 14 12
5271 10 11
5272 2 9
5273 3 6
5274 2 3
5275 6 12
5276 2 14
5277 3 14
5278 3 11
5279 5 11
5280 5 4
5281 12 7
5282 2 3
5283 4 15
5284 13 6
5285 11 7
5286 7 4
5287 15 10
5288 14 13
5289 11 5
5290 10 11
5291 3 3
5292 15 11
5293 14 2
5294 10 5
5295 13 5
5296 6 4
5297 14 10
5298 2 13
5299 3 5
5300 10 15
5301 13 9
5302 7 13
5303 11 4
5304 9 12
5305 3 4
5306 15 7
5307 8 8
5308 5 10
5309 5 8
5310 3 14
5311 7 3
5312 9 3
5313 10 4
5314 9 14
5315 7 13
5316 6 10
5317 13 2
5318 3 7
5319 9 3
5320 8 6
5321 9 11
5322 13 6
5323 12 15
5324 9 5
5325 10 8
5326 6 15
5327 8 5
5328 15 3
5329 15 14
5330 9 12
5331 7 4
5332 2 12
5333 9 12
5334 3 8
5335 9 10
5336 12 12
5337 3 3
5338 4 8
5339 8 13
5340 11 3
5341 13 4
5342 3 7
5343 5 7
5344 5 11
5345 15 8
5346 3 5
5347 15 8
5348 13 9
5349 6 14
5350 13 14
5351 11 11
5352 6 14
5353 14 14
5354 12 8
5355 7 9
5356 12 11
5357 8 9
5358 10 6
5359 4 14
5360 9 3
5361 3 6
5362 9 9
5363 5 12
5364 4 2
5365 3 13
5366 2 15
5367 3 9
5368 12 2
5369 4 8
5370 11 12
5371 7 4
5372 6 11
5373 11 3
5374 14 3
5375 12 14
5376 10 14
5377 9 14
5378 9 5
5379 6 12
5380 9 9
5381 10 6
5382 10 7
5383 14 15
5384 10 10
5385 2 14
5386 2 8
5387 3 8
5388 9 7
5389 15 8
5390 9 9
5391 2 2
5392 4 10
5393 12 15
5394 14 6
5395 13 4
5396 9 8
5397 4 6
5398 13 8
5399 9 14
5400 3 11
5401 12 9
5402 12 10
5403 12 10
5404 11 9
5405 9 10
5406 15 4
5407 10 2
5408 8 6
5409 9 11
5410 8 11
5411 12 7
5412 14 6
5413 7 2
5414 2 11
5415 2 4
5416 15 7
5417 7 14
5418 13 11
5419 2 14
5420 12 7
5421 8 3
5422 8 7
5423 7 8
5424 7 2
5425 12 5
5426 5 5
5427 12 6
5428 11 3
5429 13 3
5430 15 6
5431 3 7
5432 4 2
5433 10 7
5434 2 9
5435 12 15
5436 8 11
5437 10 8
5438 6 2
5439 13 9
5440 11 2
5441 7 8
5442 11 8
5443 7 11
5444 3 14
5445 9 3
5446 13 12
5447 5 7
5448 9 10
5449 14 14
5450 12 7
5451 4 11
5452 6 7
5453 8 5
5454 9 12
5455 15 14
5456 3 15
5457 15 10
5458 5 6
5459 6 2
5460 6 11
5461 8 14
5462 5 11
5463 13 3
5464 13 15
5465 11 3
5466 11 7
5467 6 3
5468 11 14
5469 10 9
5470 8 5
5471 7 14
5472 3 12
5473 15 6
5474 10 14
5475 6 8
5476 12 10
5477 7 5
5478 8 8
5479 6 11
5480 10 9
5481 12 14
5482 10 4
5483 2 12
5484 13 10
5485 15 4
5486 11 9
5487 5 12
5488 15 13
5489 9 6
5490 12 10
5491 14 11
5492 15 14
5493 8 11
5494 13 12
5495 2 10
5496 5 7
5497 9 4
5498 5 4
5499 13 12
5500 14 6
5501 15 8
5502 8 7
5503 15 15
5504 3 12
5505 5 15
5506 8 6
5507 15 6
5508 12 4
5509 6 12
5510 11 5
5511 8 5
5512 3 4
5513 5 2
5514 5 14
5515 15 6
5516 9 9
5517 10 8
5518 8 12
5519 2 5
5520 4 6
5521 4 2
5522 6 14
5523 14 6
5524 12 10
5525 4 12
5526 15 2
5527 13 9
5528 14 2
5529 2 15
5530 3 7
5531 11 6
5532 15 3
5533 8 7
5534 12 12
5535 3 8
5536 15 13
5537 15 4
5538 5 3
5539 11 13
5540 10 3
5541 10 12
5542 15 11
5543 14 10
5544 6 9
5545 3 5
5546 11 3
5547 14 14
5548 7 7
5549 15 11
5550 13 8
5551 14 13
5552 13 5
5553 8 5
5554 4 3
5555 4 5
5556 6 9
5557 8 6
5558 15 11
5559 2 9
5560 10 7
5561 13 3
5562 7 10
5563 8 9
5564 12 5
5565 6 14
5566 4 7
5567 9 13
5568 7 15
5569 6 2
5570 12 11
5571 2 15
5572 13 12
5573 14 2
5574 13 14
5575 12 5
5576 6 10
5577 8 6
5578 12 13
5579 7 14
5580 12 3
5581 10 15
5582 5 15
5583 9 8
5584 2 8
5585 6 6
5586 3 15
5587 14 5
5588 6 5
5589 15 4
5590 9 12
5591 7 14
5592 14 12
5593 8 14
5594 2 6
5595 15 3
5596 15 14
5597 9 9
5598 13 8
5599 15 7
5600 13 8
5601 15 3
5602 15 4
5603 13 6
5604 10 3
5605 7 8
5606 11 13
5607 15 10
5608 13 7
5609 9 13
5610 2 14
5611 2 12
5612 12 4
5613 12 9
5614 14 12
5615 4 2
5616 8 5
5617 12 6
5618 7 11
5619 3 3
5620 4 5
5621 10 13
5622 14 15
5623 12 14
5624 4 15
5625 11 12
5626 8 14
5627 7 9
5628 9 15
5629 13 4
5630 6 4
5631 12 11
5632 15 7
5633 14 6
5634 5 3
5635 8 7
5636 4 8
5637 8 15
5638 11 5
5639 2 2
5640 10 12
5641 11 12
5642 5 3
5643 9 5
5644 6 13
5645 15 4
5646 2 8
5647 11 8
5648 11 6
5649 4 3
5650 7 4
5651 11 3
5652 2 13
5653 10 8
5654 14 9
5655 15 12
5656 9 3
5657 5 13
5658 5 5
5659 15 15
5660 14 6
5661 6 13
5662 9 8
5663 4 8
5664 15 5
5665 11 5
5666 15 6
5667 13 12
5668 5 8
5669 4 8
5670 14 4
5671 2 6
5672 6 5
5673 11 9
5674 5 7
5675 11 12
5676 12 9
5677 3 2
5678 9 4
5679 15 7
5680 13 8
5681 12 5
5682 13 8
5683 13 8
5684 13 11
5685 6 3
5686 3 10
5687 2 2
5688 7 5
5689 9 7
5690 11 12
5691 14 11
5692 13 13
5693 14 2
5694 2 6
5695 10 11
5696 8 6
5697 8 12
5698 7 4
5699 10 2
5700 11 4
5701 6 4
5702 10 9
5703 7 9
5704 4 3
5705 7 13
5706 10 8
5707 4 6
5708 3 7
5709 2 4
5710 9 15
5711 15 6
5712 13 7
5713 8 6
5714 6 11
5715 15 14
5716 6 10
5717 7 8
5718 4 7
5719 13 9
5720 14 4
5721 10 15
5722 12 12
5723 14 9
5724 2 5
5725 4 2
5726 5 4
5727 2 9
5728 6 4
5729 13 9
5730 8 3
5731 9 2
5732 9 7
5733 13 10
5734 9 9
5735 9 3
5736 15 13
5737 15 4
5738 3 7
5739 3 5
5740 15 6
5741 4 15
5742 4 13
5743 10 15
5744 6 11
5745 12 11
5746 5 11
5747 2 10
5748 14 11
5749 4 8
5750 3 5
5751 14 9
5752 12 3
5753 7 2
5754 6 12
5755 12 3
5756 8 7
5757 11 3
5758 15 7
5759 4 2
5760 3 9
5761 15 13
5762 12 9
5763 9 12
5764 6 11
5765 12 2
5766 7 2
5767 12 11
5768 9 7
5769 13 13
5770 14 11
5771 4 5
5772 15 2
5773 14 12
5774 6 7
5775 14 2
5776 13 3
5777 10 11
5778 8 3
5779 8 6
5780 4 5
5781 14 15
5782 8 3
5783 2 15
5784 5 4
5785 8 14
5786 8 6
5787 12 14
5788 12 4
5789 3 6
5790 9 14
5791 8 13
5792 14 6
5793 12 11
5794 4 7
5795 12 3
5796 15 7
5797 10 5
5798 9 9
5799 8 9
5800 6 11
5801 11 8
5802 3 14
5803 8 14
5804 7 11
5805 4 8
5806 12 8
5807 3 2
5808 10 7
5809 9 12
5810 5 12
5811 12 13
5812 4 9
5813 10 12
5814 12 10
5815 3 6
5816 9 8
5817 3 14
5818 9 6
5819 4 4
5820 12 6
5821 15 5
5822 10 8
5823 6 11
5824 2 10
5825 3 2
5826 10 3
5827 10 8
5828 8 3
5829 9 12
5830 13 11
5831 15 6
5832 7 6
5833 11 3
5834 14 10
5835 2 3
5836 13 12
5837 9 4
5838 14 4
5839 15 8
5840 2 3
5841 8 13
5842 6 7
5843 11 13
5844 9 14
5845 12 9
5846 11 14
5847 6 7
5848 15 14
5849 4 5
5850 4 3
5851 13 11
5852 6 15
5853 12 3
5854 8 10
5855 2 2
5856 8 3
5857 2 4
5858 12 9
5859 9 13
5860 8 15
5861 12 13
5862 11 13
5863 9 6
5864 11 15
5865 11 7
5866 13 12
5867 13 12
5868 8 14
5869 6 3
5870 4 4
5871 2 5
5872 3 15
5873 2 13
5874 5 15
5875 2 5
5876 9 12
5877 4 12
5878 5 8
5879 15 12
5880 15 14
5881 10 5
5882 3 6
5883 14 9
5884 4 9
5885 8 2
5886 3 4
5887 4 13
5888 13 9
5889 9 9
5890 2 15
5891 9 11
5892 5 5
5893 6 11
5894 15 15
5895 8 2
5896 7 2
5897 3 12
5898 15 13
5899 8 8
5900 15 9
5901 13 11
5902 11 13
5903 10 6
5904 2 9
5905 8 9
5906 10 11
5907 13 11
5908 12 15
5909 15 9
5910 5 13
5911 2 10
5912 2 8
5913 11 7
5914 10 3
5915 6 12
5916 8 9
5917 3 9
5918 11 12
5919 7 9
5920 13 8
5921 2 4
5922 6 13
5923 5 9
5924 7 9
5925 5 10
5926 5 11
5927 12 7
5928 11 15
5929 15 13
5930 12 9
5931 4 6
5932 13 13
5933 8 8
5934 15 12
5935 12 13
5936 7 14
5937 9 14
5938 15 4
5939 11 5
5940 6 13
5941 13 3
5942 12 9
5943 4 4
5944 5 4
5945 11 9
5946 3 14
5947 8 9
5948 6 5
5949 5 10
5950 2 2
5951 7 6
5952 7 12
5953 4 4
5954 15 15
5955 10 2
5956 14 3
5957 7 8
5958 3 11
5959 5 3
5960 10 5
5961 9 6
5962 7 14
5963 7 14
5964 2 14
5965 10 6
5966 4 15
5967 13 15
5968 10 11
5969 12 3
5970 13 2
5971 9 14
5972 9 15
5973 14 3
5974 3 14
5975 11 11
5976 14 15
5977 3 15
5978 10 2
5979 10 3
5980 4 12
5981 3 15
5982 5 7
5983 4 13
5984 6 13
5985 9 14
5986 10 9
5987 13 15
5988 3 4
5989 12 7
5990 7 15
5991 4 3
5992 15 5
5993 9 8
5994 14 14
5995 2 5
5996 15 14
5997 9 7
5998 6 10
5999 4 3
6000 6 7
6001 13 14
6002 8 7
6003 12 12
6004 5 4
6005 14 14
6006 10 8
6007 14 5
6008 4 14
6009 8 8
6010 8 9
6011 15 10
6012 14 12
6013 7 2
6014 9 4
6015 14 2
6016 13 14
6017 10 3
6018 3 7
6019 7 8
6020 14 4
6021 8 2
6022 8 14
6023 2 12
6024 12 4
6025 11 2
6026 12 13
6027 14 12
6028 10 6
6029 8 8
6030 12 13
6031 10 15
6032 6 13
6033 13 7
6034 7 2
6035 15 6
6036 10 11
6037 4 13
6038 8 9
6039 12 5
6040 10 11
6041 14 11
6042 12 9
6043 13 7
6044 14 14
6045 12 8
6046 14 5
6047 6 3
6048 2 10
6049 7 8
6050 13 13
6051 13 4
6052 10 10
6053 6 5
6054 3 10
6055 10 6
6056 10 7
6057 14 12
6058 4 2
6059 2 14
6060 10 11
6061 6 5
6062 15 14
6063 6 13
6064 8 10
6065 3 13
6066 2 15
6067 7 6
6068 12 10
6069 7 3
6070 2 14
6071 12 3
6072 9 6
6073 11 13
6074 2 9
6075 7 5
6076 14 13
6077 11 11
6078 13 12
6079 12 10
6080 15 11
6081 5 7
6082 6 6
6083 12 14
6084 15 13
6085 11 12
6086 4 13
6087 8 10
6088 13 5
6089 3 7
6090 10 11
6091 5 15
6092 14 7
6093 9 3
6094 4 13
6095 8 15
6096 8 3
6097 3 2
6098 8 4
6099 9 5
6100 9 3
6101 7 12
6102 10 8
6103 11 10
6104 10 14
6105 8 15
6106 6 11
6107 9 12
6108 8 9
6109 13 9
6110 13 8
6111 15 4
6112 4 10
6113 4 9
6114 13 9
6115 4 13
6116 10 15
6117 10 3
6118 13 5
6119 9 9
6120 2 13
6121 4 10
6122 7 3
6123 11 15
6124 8 3
6125 3 7
6126 11 6
6127 2 10
6128 4 3
6129 7 6
6130 7 6
6131 6 9
6132 2 14
6133 4 4
6134 14 11
6135 8 2
6136 6 6
6137 5 4
6138 15 13
6139 9 2
6140 3 10
6141 7 3
6142 15 2
6143 8 9
6144 11 6
6145 11 9
6146 7 14
6147 8 9
6148 15 13
6149 15 11
6150 4 14
6151 4 10
6152 12 9
6153 14 9
6154 12 9
6155 4 15
6156 13 7
6157 3 14
6158 11 12
6159 11 8
6160 8 5
6161 8 7
6162 10 2
6163 12 9
6164 13 6
6165 12 3
6166 15 4
6167 13 2
6168 11 12
6169 14 14
6170 13 6
6171 10 12
6172 3 12
6173 10 3
6174 5 11
6175 10 11
6176 14 2
6177 11 10
6178 5 14
6179 9 10
6180 2 3
6181 12 10
6182 4 2
6183 6 14
6184 5 5
6185 15 13
6186 15 11
6187 9 3
6188 14 10
6189 11 7
6190 8 11
6191 2 9
6192 15 2
6193 7 8
6194 4 8
6195 2 15
6196 10 7
6197 8 6
6198 3 3
6199 3 10
6200 4 6
6201 4 4
6202 6 14
6203 3 4
6204 6 8
6205 12 4
6206 2 11
6207 7 4
6208 2 13
6209 2 6
6210 8 3
6211 7 4
6212 8 7
6213 6 8
6214 15 3
6215 2 5
6216 5 14
6217 11 11
6218 5 9
6219 10 14
6220 10 8
6221 3 6
6222 2 7
6223 9 10
6224 8 3
6225 9 2
6226 8 12
6227 5 2
6228 6 10
6229 11 12
6230 3 5
6231 14 10
6232 12 14
6233 4 6
6234 11 8
6235 9 3
6236 15 12
6237 10 5
6238 14 4
6239 7 10
6240 4 14
6241 5 10
6242 8 10
6243 9 2
6244 2 15
6245 9 15
6246 11 6
6247 12 4
6248 2 2
6249 9 6
6250 11 6
6251 15 12
6252 8 7
6253 15 12
6254 5 11
6255 15 10
6256 6 2
6257 4 13
6258 10 11
6259 3 6
6260 3 8
6261 13 3
6262 15 4
6263 13 10
6264 6 8
6265 5 11
6266 10 14
6267 7 12
6268 7 12
6269 6 14
6270 13 9
6271 6 5
6272 12 7
6273 7 5
6274 9 11
6275 7 2
6276 13 4
6277 12 2
6278 11 9
6279 2 2
6280 12 4
6281 8 10
6282 13 13
6283 9 14
6284 8 10
6285 3 14
6286 12 12
6287 3 10
6288 2 15
6289 15 12
6290 9 12
6291 3 7
6292 15 8
6293 15 11
6294 7 8
6295 4 15
6296 14 14
6297 13 2
6298 3 9
6299 7 5
6300 9 2
6301 5 13
6302 2 14
6303 6 12
6304 13 7
6305 5 3
6306 15 11
6307 12 6
6308 14 13
6309 5 5
6310 9 7
6311 2 6
6312 9 13
6313 13 11
6314 5 2
6315 5 15
6316 12 8
6317 3 15
6318 6 11
6319 10 9
6320 4 10
6321 5 12
6322 13 11
6323 12 12
6324 11 11
6325 4 3
6326 11 4
6327 13 3
6328 4 6
6329 11 15
6330 5 10
6331 13 14
6332 6 5
6333 15 12
6334 2 13
6335 12 10
6336 11 6
6337 12 10
6338 9 2
6339 8 12
6340 12 12
6341 2 15
6342 7 8
6343 15 8
6344 6 3
6345 12 10
6346 9 9
6347 7 10
6348 14 2
6349 13 5
6350 2 6
6351 8 10
6352 9 7
6353 2 8
6354 5 7
6355 3 11
6356 14 2
6357 13 5
6358 13 8
6359 3 5
6360 5 4
6361 7 6
6362 3 12
6363 12 3
6364 2 9
6365 8 14
6366 2 11
6367 14 12
6368 7 15
6369 6 5
6370 3 9
6371 5 7
6372 15 2
6373 15 7
6374 10 14
6375 5 3
6376 14 11
6377 11 9
6378 14 3
6379 12 9
6380 11 3
6381 3 2
6382 2 8
6383 7 15
6384 13 3
6385 14 4
6386 2 14
6387 9 2
6388 6 11
6389 12 8
6390 3 3
6391 12 2
6392 10 2
6393 6 15
6394 8 8
6395 3 11
6396 14 8
6397 5 15
6398 11 14
6399 12 11
6400 2 9
6401 8 9
6402 14 8
6403 11 11
6404 3 7
6405 12 12
6406 14 2
6407 9 10
6408 7 11
6409 5 3
6410 3 2
6411 11 13
6412 3 11
6413 14 15
6414 5 11
6415 4 12
6416 10 6
6417 7 8
6418 9 13
6419 11 9
6420 4 5
6421 4 14
6422 2 2
6423 4 6
6424 11 8
6425 10 12
6426 14 7
6427 6 11
6428 10 14
6429 4 4
6430 9 6
6431 11 7
6432 6 7
6433 2 10
6434 11 12
6435 12 4
6436 2 5
6437 10 15
6438 15 10
6439 15 2
6440 8 7
6441 5 5
6442 12 5
6443 14 3
6444 7 5
6445 12 9
6446 13 13
6447 9 11
6448 13 7
6449 15 11
6450 11 7
6451 11 6
6452 8 7
6453 4 3
6454 9 14
6455 2 9
6456 5 2
6457 12 5
6458 13 5
6459 9 11
6460 5 5
6461 9 13
6462 14 15
6463 7 14
6464 13 8
6465 5 8
6466 4 15
6467 2 7
6468 2 3
6469 7 2
6470 10 3
6471 4 6
6472 9 5
6473 12 11
6474 14 7
6475 2 2
6476 5 5
6477 6 4
6478 5 6
6479 13 4
6480 7 15
6481 10 5
6482 4 5
6483 2 4
6484 15 6
6485 3 2
6486 15 12
6487 4 8
6488 12 14
6489 3 7
6490 5 6
6491 9 5
6492 7 14
6493 7 12
6494 4 10
6495 14 11
6496 8 13
6497 3 3
6498 4 4
6499 14 5
6500 5 10
6501 8 13
6502 7 7
6503 11 8
6504 12 5
6505 2 14
6506 11 11
6507 5 15
6508 10 6
6509 14 4
6510 7 5
6511 2 12
6512 14 6
6513 15 4
6514 15 10
6515 11 9
6516 5 13
6517 3 14
6518 9 14
6519 12 11
6520 3 4
6521 10 8
6522 14 12
6523 14 10
6524 7 9
6525 10 9
6526 4 7
6527 13 7
6528 10 13
6529 9 13
6530 9 9
6531 6 11
6532 8 12
6533 14 11
6534 12 2
6535 5 5
6536 5 9
6537 15 5
6538 8 5
6539 6 8
6540 8 11
6541 4 15
6542 7 6
6543 10 3
6544 4 14
6545 3 6
6546 9 10
6547 7 5
6548 11 2
6549 9 10
6550 11 7
6551 8 9
6552 9 8
6553 8 7
6554 14 9
6555 7 6
6556 8 2
6557 4 9
6558 5 6
6559 12 3
6560 7 3
6561 6 15
6562 10 10
6563 10 12
6564 3 14
6565 6 5
6566 3 3
6567 3 7
6568 2 10
6569 5 7
6570 5 12
6571 7 6
6572 6 13
6573 15 14
6574 12 15
6575 6 5
6576 13 11
6577 4 15
6578 14 13
6579 13 10
6580 6 2
6581 14 6
6582 6 15
6583 7 14
6584 8 8
6585 15 11
6586 14 12
6587 2 9
6588 12 10
6589 14 4
6590 15 8
6591 5 5
6592 13 13
6593 5 9
6594 5 10
6595 11 14
6596 10 14
6597 9 13
6598 15 9
6599 7 14
6600 3 7
6601 15 5
6602 8 14
6603 13 8
6604 5 9
6605 9 15
6606 10 2
6607 7 4
6608 11 15
6609 4 6
6610 13 2
6611 9 14
6612 12 15
6613 7 7
6614 5 8
6615 8 12
6616 14 8
6617 14 14
6618 13 10
6619 6 7
6620 11 2
6621 11 14
6622 2 4
6623 4 7
6624 11 12
6625 14 11
6626 11 11
6627 15 8
6628 8 5
6629 8 3
6630 10 8
6631 5 9
6632 3 7
6633 11 9
6634 12 6
6635 3 4
6636 3 12
6637 10 4
6638 2 15
6639 13 11
6640 9 2
6641 4 5
6642 3 8
6643 6 5
6644 5 6
6645 12 10
6646 3 9
6647 2 7
6648 10 2
6649 4 7
6650 15 8
6651 8 4
6652 3 4
6653 10 8
6654 9 13
6655 3 8
6656 15 5
6657 4 15
6658 5 6
6659 8 15
6660 13 12
6661 9 4
6662 11 11
6663 6 11
6664 5 10
6665 13 12
6666 9 6
6667 5 2
6668 4 9
6669 3 15
6670 8 11
6671 14 5
6672 10 7
6673 11 9
6674 9 9
6675 11 2
6676 13 3
6677 6 12
6678 9 7
6679 13 15
6680 13 14
6681 6 8
6682 11 15
6683 14 15
6684 4 8
6685 5 4
6686 11 13
6687 8 9
6688 8 12
6689 4 13
6690 11 3
6691 8 13
6692 2 5
6693 15 4
6694 6 12
6695 10 6
6696 12 3
6697 13 13
6698 13 5
6699 9 8
6700 14 10
6701 3 7
6702 3 14
6703 3 10
6704 14 14
6705 7 8
6706 9 4
6707 6 5
6708 10 2
6709 9 2
6710 3 12
6711 13 12
6712 13 9
6713 8 7
6714 13 8
6715 15 5
6716 8 2
6717 2 6
6718 3 13
6719 4 7
6720 12 13
6721 9 9
6722 9 3
6723 3 10
6724 12 5
6725 13 9
6726 4 9
6727 15 6
6728 15 4
6729 4 15
6730 2 11
6731 3 4
6732 6 3
6733 10 13
6734 8 4
6735 3 12
6736 14 2
6737 12 6
6738 4 9
6739 7 4
6740 5 13
6741 2 12
6742 10 5
6743 9 13
6744 2 15
6745 12 14
6746 10 12
6747 12 13
6748 12 3
6749 8 13
6750 6 9
6751 2 11
6752 2 2
6753 14 8
6754 14 5
6755 5 7
6756 5 5
6757 3 2
6758 8 2
6759 2 7
6760 15 5
6761 12 12
6762 3 5
6763 3 14
6764 15 15
6765 12 4
6766 13 4
6767 2 8
6768 10 3
6769 15 7
6770 7 10
6771 12 5
6772 11 5
6773 10 8
6774 8 3
6775 5 5
6776 3 7
6777 7 4
6778 2 8
6779 12 7
6780 2 8
6781 5 9
6782 5 3
6783 12 15
6784 6 12
6785 11 7
6786 2 3
6787 5 8
6788 6 14
6789 11 9
6790 3 13
6791 10 14
6792 15 11
6793 4 6
6794 3 11
6795 7 12
6796 13 8
6797 12 14
6798 13 4
6799 7 4
6800 12 14
6801 13 7
6802 15 12
6803 9 3
6804 7 2
6805 11 11
6806 9 8
6807 10 12
6808 13 5
6809 10 11
6810 13 2
6811 5 2
6812 11 14
6813 3 6
6814 5 13
6815 8 14
6816 5 11
6817 3 2
6818 4 7
6819 9 6
6820 5 4
6821 8 5
6822 12 2
6823 5 13
6824 11 9
6825 13 7
6826 4 6
6827 7 12
6828 14 14
6829 2 10
6830 14 8
6831 12 15
6832 6 14
6833 2 5
6834 15 13
6835 7 7
6836 5 5
6837 10 2
6838 12 5
6839 14 12
6840 13 13
6841 5 11
6842 15 8
6843 10 7
6844 4 9
6845 12 2
6846 3 15
6847 9 3
6848 5 2
6849 12 4
6850 5 4
6851 3 4
6852 11 10
6853 15 14
6854 5 5
6855 10 3
6856 8 13
6857 9 6
6858 4 13
6859 5 5
6860 8 4
6861 11 5
6862 6 6
6863 11 9
6864 12 5
6865 6 15
6866 14 9
6867 3 7
6868 8 8
6869 4 9
6870 9 8
6871 10 11
6872 13 8
6873 14 4
6874 15 14
6875 9 2
6876 14 8
6877 8 15
6878 3 14
6879 6 11
6880 10 4
6881 10 13
6882 4 6
6883 8 9
6884 6 9
6885 6 8
6886 10 11
6887 9 3
6888 7 4
6889 13 9
6890 5 4
6891 5 2
6892 2 15
6893 10 13
6894 13 7
6895 9 8
6896 8 8
6897 13 7
6898 8 9
6899 6 12
6900 11 3
6901 8 2
6902 3 8
6903 11 4
6904 5 14
6905 8 6
6906 14 14
6907 13 7
6908 10 13
6909 9 12
6910 13 7
6911 13 2
6912 12 8
6913 8 13
6914 5 5
6915 9 2
6916 15 7
6917 12 13
6918 12 2
6919 13 12
6920 12 4
6921 6 11
6922 9 12
6923 4 6
6924 5 11
6925 11 12
6926 15 4
6927 2 3
6928 14 3
6929 12 13
6930 8 8
6931 13 11
6932 3 10
6933 5 8
6934 4 15
6935 8 6
6936 13 6
6937 10 10
6938 12 8
6939 11 6
6940 13 8
6941 14 13
6942 15 3
6943 3 12
6944 11 14
6945 14 7
6946 15 4
6947 6 13
6948 5 13
6949 8 13
6950 6 2
6951 4 15
6952 9 2
6953 3 3
6954 14 13
6955 8 10
6956 8 12
6957 6 13
6958 8 4
6959 4 7
6960 4 13
6961 4 5
6962 9 4
6963 10 3
6964 9 11
6965 15 5
6966 4 5
6967 2 13
6968 4 14
6969 14 5
6970 6 15
6971 8 9
6972 12 11
6973 3 15
6974 12 4
6975 3 6
6976 3 8
6977 3 6
6978 3 7
6979 2 11
6980 5 9
6981 9 12
6982 14 3
6983 2 2
6984 6 14
6985 2 12
6986 11 14
6987 2 3
6988 5 10
6989 14 2
6990 8 11
6991 10 14
6992 6 9
6993 9 14
6994 7 11
6995 8 7
6996 7 12
6997 7 7
6998 15 5
6999 7 12
7000 8 8
7001 11 2
7002 7 15
7003 7 14
7004 3 2
7005 9 15
7006 13 8
7007 13 15
7008 4 2
7009 11 3
7010 15 10
7011 6 13
7012 14 15
7013 5 7
7014 9 11
7015 12 12
7016 15 9
7017 10 8
7018 12 5
7019 2 12
7020 15 7
7021 2 12
7022 7 15
7023 2 14
7024 13 7
7025 12 9
7026 5 11
7027 9 8
7028 13 11
7029 14 3
7030 7 8
7031 9 12
7032 15 13
7033 3 13
7034 8 6
7035 11 5
7036 13 4
7037 15 10
7038 11 14
7039 15 13
7040 10 2
7041 4 9
7042 14 3
7043 6 15
7044 12 10
7045 15 9
7046 4 9
7047 3 9
7048 12 10
7049 5 5
7050 5 4
7051 14 12
7052 13 3
7053 3 8
7054 13 2
7055 4 7
7056 8 14
7057 6 5
7058 13 6
7059 12 9
7060 12 3
7061 12 4
7062 10 12
7063 13 9
7064 3 14
7065 13 7
7066 15 5
7067 11 14
7068 11 3
7069 12 7
7070 8 13
7071 13 13
7072 13 8
7073 12 12
7074 14 10
7075 15 8
7076 14 5
7077 5 6
7078 3 6
7079 3 3
7080 3 7
7081 13 11
7082 5 13
7083 3 11
7084 7 4
7085 15 7
7086 8 11
7087 13 2
7088 6 2
7089 11 10
7090 5 15
7091 8 8
7092 7 14
7093 7 14
7094 12 14
7095 4 10
7096 12 11
7097 11 5
7098 3 8
7099 2 10
7100 15 9
7101 7 4
7102 15 6
7103 15 5
7104 9 12
7105 9 4
7106 11 6
7107 4 13
7108 12 15
7109 14 15
7110 13 2
7111 11 7
7112 6 10
7113 13 3
7114 6 15
7115 13 11
7116 9 12
7117 15 5
7118 9 6
7119 13 8
7120 2 14
7121 7 4
7122 15 13
7123 5 15
7124 13 14
7125 5 13
7126 13 2
7127 15 14
7128 4 15
7129 9 13
7130 8 6
7131 15 12
7132 15 4
7133 2 10
7134 8 7
7135 8 12
7136 9 7
7137 14 8
7138 8 3
7139 10 13
7140 6 6
7141 13 5
7142 13 15
7143 10 8
7144 3 4
7145 7 14
7146 14 11
7147 15 14
7148 2 15
7149 13 6
7150 9 12
7151 4 11
7152 4 9
7153 13 9
7154 6 4
7155 5 5
7156 14 13
7157 5 13
7158 12 2
7159 7 13
7160 15 11
7161 3 12
7162 14 15
7163 4 8
7164 8 12
7165 15 4
7166 2 3
7167 7 9
7168 4 2
7169 3 10
7170 12 7
7171 11 8
7172 4 12
7173 13 8
7174 5 2
7175 3 5
7176 8 9
7177 6 13
7178 11 4
7179 12 13
7180 8 14
7181 13 14
7182 12 12
7183 3 14
7184 9 15
7185 15 12
7186 8 6
7187 12 12
7188 9 7
7189 2 3
7190 3 3
7191 3 9
7192 12 12
7193 10 5
7194 2 11
7195 11 11
7196 9 6
7197 13 13
7198 3 14
7199 11 4
7200 8 9
7201 12 13
7202 8 6
7203 11 4
7204 3 7
7205 3 13
7206 15 14
7207 10 4
7208 8 15
7209 13 2
7210 8 10
7211 15 10
7212 14 14
7213 10 9
7214 3 10
7215 15 11
7216 10 13
7217 15 14
7218 12 3
7219 14 14
7220 5 12
7221 3 4
7222 15 11
7223 13 4
7224 2 10
7225 9 14
7226 7 3
7227 2 4
7228 11 5
7229 12 4
7230 3 10
7231 6 15
7232 14 2
7233 3 3
7234 10 6
7235 7 10
7236 4 8
7237 12 2
7238 5 6
7239 2 10
7240 14 6
7241 12 10
7242 9 4
7243 11 9
7244 13 7
7245 10 7
7246 11 10
7247 10 5
7248 13 3
7249 12 15
7250 2 5
7251 2 5
7252 4 6
7253 15 15
7254 5 4
7255 11 10
7256 5 11
7257 7 6
7258 4 13
7259 11 8
7260 3 10
7261 6 6
7262 8 12
7263 4 8
7264 9 3
7265 6 12
7266 8 13
7267 4 10
7268 5 3
7269 12 13
7270 6 12
7271 13 12
7272 5 13
7273 7 11
7274 12 12
7275 15 10
7276 11 4
7277 8 15
7278 4 7
7279 14 8
7280 8 2
7281 11 5
7282 3 6
7283 3 10
7284 3 12
7285 10 8
7286 3 7
7287 12 3
7288 7 7
7289 14 6
7290 4 15
7291 14 5
7292 6 2
7293 3 8
7294 5 8
7295 3 14
7296 3 4
7297 10 13
7298 6 11
7299 15 14
7300 9 3
7301 10 7
7302 13 11
7303 15 6
7304 10 6
7305 11 3
7306 2 4
7307 7 14
7308 8 4
7309 7 14
7310 13 12
7311 14 10
7312 10 11
7313 15 8
7314 9 11
7315 4 6
7316 2 12
7317 10 13
7318 4 12
7319 4 4
7320 8 11
7321 13 6
7322 2 13
7323 12 7
7324 13 14
7325 5 12
7326 11 8
7327 13 9
7328 4 9
7329 7 14
7330 9 10
7331 6 6
7332 8 10
7333 13 15
7334 5 6
7335 12 15
7336 3 6
7337 8 14
7338 7 15
7339 3 12
7340 3 3
7341 13 5
7342 3 4
7343 11 2
7344 3 13
7345 6 10
7346 9 14
7347 15 2
7348 8 12
7349 10 13
7350 4 9
7351 9 10
7352 12 12
7353 10 13
7354 3 8
7355 2 11
7356 5 15
7357 13 2
7358 13 8
7359 13 10
7360 13 7
7361 5 13
7362 12 15
7363 10 12
7364 11 2
7365 11 9
7366 4 12
7367 14 10
7368 5 4
7369 3 7
7370 15 4
7371 10 7
7372 2 8
7373 9 8
7374 4 7
7375 3 7
7376 12 5
7377 15 10
7378 15 14
7379 15 3
7380 6 6
7381 9 6
7382 6 5
7383 2 13
7384 12 11
7385 8 5
7386 6 12
7387 10 15
7388 2 9
7389 11 15
7390 9 2
7391 7 2
7392 11 9
7393 7 6
7394 7 3
7395 2 7
7396 13 4
7397 8 7
7398 2 3
7399 8 9
7400 5 3
7401 10 10
7402 4 8
7403 3 9
7404 2 4
7405 14 12
7406 6 5
7407 9 8
7408 7 6
7409 7 8
7410 4 10
7411 14 6
7412 3 9
7413 12 15
7414 9 4
7415 4 7
7416 13 8
7417 2 7
7418 15 13
7419 5 3
7420 5 6
7421 2 4
7422 8 8
7423 13 7
7424 2 4
7425 12 5
7426 9 12
7427 6 3
7428 8 9
7429 10 9
7430 14 12
7431 13 4
7432 7 14
7433 14 14
7434 8 10
7435 13 13
7436 15 15
7437 8 4
7438 3 3
7439 14 2
7440 4 4
7441 7 10
7442 2 14
7443 12 5
7444 2 12
7445 15 7
7446 8 11
7447 13 2
7448 8 9
7449 6 6
7450 9 3
7451 14 8
7452 5 11
7453 4 13
7454 10 4
7455 5 6
7456 14 3
7457 15 6
7458 13 5
7459 12 15
7460 8 5
7461 9 13
7462 14 14
7463 3 13
7464 13 10
7465 11 4
7466 5 15
7467 11 12
7468 12 4
7469 5 3
7470 4 8
7471 2 6
7472 5 4
7473 8 2
7474 11 5
7475 3 15
7476 2 8
7477 8 10
7478 6 13
7479 12 5
7480 5 7
7481 8 9
7482 2 10
7483 8 12
7484 2 6
7485 3 6
7486 7 6
7487 7 13
7488 8 5
7489 7 2
7490 4 2
7491 2 2
7492 12 13
7493 7 5
7494 6 9
7495 6 11
7496 3 8
7497 4 6
7498 9 7
7499 7 6
7500 3 3
7501 12 2
7502 12 10
7503 14 15
7504 4 7
7505 7 13
7506 14 7
7507 13 14
7508 11 10
7509 11 7
7510 5 12
7511 6 5
7512 11 8
7513 3 3
7514 4 12
7515 13 11
7516 3 2
7517 11 12
7518 15 5
7519 5 13
7520 9 3
7521 3 10
7522 11 7
7523 6 13
7524 9 14
7525 5 10
7526 13 4
7527 2 4
7528 5 8
7529 10 13
7530 6 14
7531 15 15
7532 10 7
7533 7 9
7534 12 13
7535 3 8
7536 3 9
7537 8 10
7538 10 14
7539 2 4
7540 11 6
7541 13 4
7542 6 2
7543 11 2
7544 14 13
7545 5 13
7546 15 8
7547 9 12
7548 10 15
7549 10 3
7550 4 9
7551 14 10
7552 8 10
7553 14 8
7554 8 11
7555 6 5
7556 4 2
7557 4 11
7558 5 11
7559 13 2
7560 14 10
7561 9 10
7562 13 13
7563 10 6
7564 6 15
7565 5 6
7566 13 6
7567 10 3
7568 4 5
7569 2 10
7570 5 6
7571 2 12
7572 4 6
7573 4 6
7574 15 14
7575 2 12
7576 5 15
7577 5 10
7578 3 2
7579 12 7
7580 12 11
7581 7 7
7582 3 13
7583 10 6
7584 13 4
7585 8 11
7586 6 7
7587 2 12
7588 15 2
7589 15 7
7590 5 13
7591 6 4
7592 6 2
7593 10 12
7594 15 14
7595 14 11
7596 3 13
7597 13 13
7598 8 12
7599 6 15
7600 12 12
7601 11 10
7602 5 15
7603 9 5
7604 7 6
7605 5 11
7606 12 14
7607 15 14
7608 8 4
7609 9 5
7610 13 13
7611 8 7
7612 4 9
7613 3 9
7614 4 9
7615 4 15
7616 15 4
7617 5 11
7618 9 13
7619 4 12
7620 6 2
7621 6 4
7622 4 15
7623 8 12
7624 11 5
7625 3 4
7626 3 8
7627 5 9
7628 12 8
7629 3 13
7630 10 4
7631 13 14
7632 14 2
7633 11 3
7634 8 8
7635 2 3
7636 15 2
7637 14 15
7638 12 2
7639 4 5
7640 14 3
7641 6 4
7642 12 11
7643 2 14
7644 2 14
7645 3 10
7646 13 15
7647 7 15
7648 13 3
7649 5 4
7650 9 14
7651 11 9
7652 15 4
7653 6 7
7654 9 4
7655 5 2
7656 10 13
7657 6 12
7658 10 3
7659 2 15
7660 2 3
7661 10 6
7662 3 10
7663 15 8
7664 4 2
7665 5 2
7666 5 8
7667 8 4
7668 7 12
7669 6 5
7670 12 8
7671 12 13
7672 15 3
7673 9 4
7674 3 5
7675 3 6
7676 7 3
7677 11 7
7678 3 7
7679 3 2
7680 11 4
7681 4 8
7682 10 7
7683 11 4
7684 12 8
7685 4 12
7686 12 6
7687 11 15
7688 6 7
7689 3 6
7690 9 12
7691 7 6
7692 14 13
7693 14 3
7694 14 2
7695 15 4
7696 14 12
7697 4 7
7698 4 8
7699 9 13
7700 14 14
7701 9 15
7702 3 3
7703 11 8
7704 13 6
7705 4 3
7706 7 4
7707 4 14
7708 8 7
7709 7 9
7710 8 9
7711 13 8
7712 11 14
7713 12 7
7714 4 14
7715 12 5
7716 8 8
7717 10 9
7718 10 10
7719 9 10
7720 10 15
7721 5 8
7722 3 11
7723 13 8
7724 10 11
7725 14 13
7726 14 13
7727 5 13
7728 3 5
7729 7 2
7730 5 15
7731 2 7
7732 10 9
7733 4 3
7734 2 7
7735 7 15
7736 15 15
7737 14 15
7738 4 6
7739 9 4
7740 15 15
7741 10 8
7742 5 5
7743 15 5
7744 2 13
7745 4 3
7746 13 13
7747 4 8
7748 13 2
7749 13 8
7750 7 2
7751 13 3
7752 12 11
7753 3 9
7754 15 11
7755 15 4
7756 2 4
7757 7 4
7758 3 5
7759 3 2
7760 11 15
7761 15 8
7762 4 14
7763 4 9
7764 13 4
7765 13 10
7766 13 6
7767 9 8
7768 13 7
7769 9 14
7770 12 13
7771 2 6
7772 3 4
7773 2 12
7774 2 11
7775 14 4
7776 10 4
7777 2 8
7778 15 8
7779 12 9
7780 10 13
7781 15 6
7782 11 10
7783 6 13
7784 5 8
7785 4 6
7786 3 10
7787 8 4
7788 13 5
7789 8 11
7790 2 5
7791 8 4
7792 15 13
7793 10 11
7794 15 3
7795 15 13
7796 9 9
7797 7 12
7798 12 8
7799 15 8
7800 4 2
7801 14 7
7802 12 8
7803 5 6
7804 3 3
7805 3 7
7806 11 14
7807 15 7
7808 2 5
7809 6 4
7810 10 3
7811 3 5
7812 11 2
7813 14 6
7814 5 10
7815 5 12
7816 2 5
7817 6 3
7818 11 11
7819 2 11
7820 14 9
7821 2 2
7822 7 3
7823 6 2
7824 7 14
7825 6 8
7826 10 5
7827 7 14
7828 8 13
7829 7 4
7830 13 12
7831 3 7
7832 8 13
7833 10 3
7834 10 14
7835 14 4
7836 2 11
7837 14 8
7838 9 11
7839 15 15
7840 2 6
7841 4 4
7842 12 9
7843 3 12
7844 3 13
7845 5 5
7846 14 12
7847 12 4
7848 14 13
7849 4 10
7850 10 13
7851 11 12
7852 10 14
7853 7 9
7854 14 4
7855 7 6
7856 7 11
7857 15 8
7858 2 13
7859 14 12
7860 8 5
7861 5 11
7862 11 3
7863 4 11
7864 12 9
7865 3 14
7866 2 4
7867 14 15
7868 6 10
7869 15 14
7870 14 3
7871 9 3
7872 9 7
7873 4 6
7874 4 3
7875 6 11
7876 7 7
7877 3 3
7878 4 13
7879 14 9
7880 6 9
7881 6 14
7882 9 12
7883 4 3
7884 11 9
7885 2 7
7886 15 6
7887 8 8
7888 15 11
7889 12 4
7890 9 7
7891 10 15
7892 11 7
7893 7 3
7894 12 8
7895 10 9
7896 6 12
7897 2 11
7898 12 2
7899 13 14
7900 5 13
7901 15 10
7902 2 4
7903 15 3
7904 6 8
7905 4 11
7906 8 15
7907 3 5
7908 8 15
7909 9 12
7910 3 7
7911 9 9
7912 12 10
7913 15 9
7914 3 3
7915 4 13
7916 3 8
7917 14 8
7918 5 8
7919 7 3
7920 7 7
7921 11 9
7922 5 13
7923 13 9
7924 3 6
7925 9 2
7926 10 4
7927 9 4
7928 12 5
7929 7 11
7930 2 11
7931 14 8
7932 2 14
7933 7 14
7934 8 9
7935 5 2
7936 5 15
7937 2 14
7938 12 8
7939 6 6
7940 12 4
7941 3 4
7942 3 6
7943 8 3
7944 6 15
7945 13 9
7946 15 8
7947 10 5
7948 12 6
7949 4 15
7950 2 3
7951 8 7
7952 14 6
7953 4 5
7954 7 8
7955 9 9
7956 10 13
7957 14 4
7958 13 8
7959 7 13
7960 11 8
7961 15 2
7962 10 14
7963 11 5
7964 3 13
7965 12 11
7966 11 4
7967 7 12
7968 15 13
7969 13 15
7970 13 13
7971 7 2
7972 4 9
7973 4 9
7974 15 7
7975 3 14
7976 12 8
7977 6 10
7978 13 2
7979 9 15
7980 15 4
7981 12 9
7982 12 11
7983 3 2
7984 5 13
7985 5 8
7986 13 10
7987 14 4
7988 11 8
7989 5 7
7990 5 5
7991 12 11
7992 2 7
7993 15 7
7994 2 6
7995 6 10
7996 15 15
7997 3 13
7998 9 12
7999 9 8
8000 8 7
8001 7 15
8002 10 8
8003 10 14
8004 7 3
8005 4 9
8006 8 7
8007 4 10
8008 11 4
8009 10 8
8010 8 6
8011 15 12
8012 13 12
8013 8 12
8014 6 13
8015 11 15
8016 3 3
8017 14 15
8018 3 3
8019 12 2
8020 11 8
8021 3 9
8022 13 14
8023 11 10
8024 3 12
8025 9 10
8026 11 14
8027 2 12
8028 6 15
8029 8 5
8030 5 14
8031 9 10
8032 8 3
8033 5 15
8034 9 3
8035 7 14
8036 9 8
8037 15 12
8038 13 14
8039 13 8
8040 2 7
8041 14 5
8042 10 6
8043 6 12
8044 6 6
8045 15 14
8046 8 12
8047 5 2
8048 8 2
8049 2 2
8050 4 14
8051 7 15
8052 15 10
8053 15 13
8054 11 7
8055 7 4
8056 11 8
8057 5 10
8058 8 5
8059 11 12
8060 8 15
8061 2 14
8062 11 8
8063 4 12
8064 8 13
8065 4 8
8066 7 10
8067 4 8
8068 5 3
8069 13 14
8070 4 10
8071 3 12
8072 11 14
8073 8 15
8074 14 12
8075 6 15
8076 10 4
8077 7 5
8078 3 3
8079 2 8
8080 2 12
8081 14 11
8082 4 2
8083 11 13
8084 10 3
8085 11 8
8086 2 13
8087 13 4
8088 9 12
8089 12 14
8090 7 4
8091 5 12
8092 5 6
8093 5 10
8094 15 5
8095 13 14
8096 14 14
8097 8 14
8098 6 12
8099 2 6
8100 3 4
8101 12 2
8102 12 11
8103 15 3
8104 3 9
8105 11 3
8106 3 4
8107 6 6
8108 4 3
8109 3 9
8110 15 7
8111 15 5
8112 8 3
8113 9 14
8114 2 8
8115 3 9
8116 12 3
8117 5 12
8118 8 8
8119 7 12
8120 9 14
8121 4 4
8122 6 2
8123 4 12
8124 11 12
8125 11 15
8126 2 3
8127 7 7
8128 9 11
8129 11 10
8130 2 4
8131 10 13
8132 6 3
8133 5 11
8134 2 10
8135 2 10
8136 10 14
8137 4 5
8138 15 7
8139 3 5
8140 2 7
8141 4 5
8142 3 13
8143 13 4
8144 6 6
8145 9 5
8146 3 7
8147 13 10
8148 12 6
8149 9 13
8150 14 9
8151 8 10
8152 8 5
8153 6 4
8154 5 12
8155 15 13
8156 6 8
8157 3 11
8158 14 14
8159 11 6
8160 4 14
8161 5 13
8162 9 8
8163 9 8
8164 11 13
8165 6 15
8166 7 11
8167 3 11
8168 8 8
8169 5 11
8170 7 7
8171 12 15
8172 3 9
8173 4 2
8174 10 6
8175 11 8
8176 6 11
8177 15 12
8178 10 7
8179 8 2
8180 3 4
8181 14 7
8182 8 14
8183 4 7
8184 5 3
8185 5 12
8186 7 7
8187 4 14
8188 7 3
8189 2 7
8190 13 2
8191 13 7
8192 5 9
8193 11 14
8194 7 5
8195 10 3
8196 8 6
8197 11 5
8198 10 5
8199 3 10
8200 6 13
8201 11 14
8202 15 12
8203 3 11
8204 12 8
8205 12 14
8206 8 7
8207 15 7
8208 5 5
8209 2 14
8210 9 9
8211 2 6
8212 8 3
8213 3 9
8214 4 11
8215 7 11
8216 8 5
8217 11 2
8218 6 2
8219 12 14
8220 15 11
8221 2 9
8222 6 4
8223 15 8
8224 2 10
8225 10 2
8226 7 12
8227 2 3
8228 9 3
8229 15 14
8230 8 13
8231 6 6
8232 7 14
8233 7 8
8234 3 10
8235 14 7
8236 9 11
8237 2 8
8238 6 13
8239 9 9
8240 15 12
8241 3 15
8242 7 11
8243 3 2
8244 5 2
8245 15 2
8246 4 3
8247 7 15
8248 13 13
8249 8 5
8250 4 3
8251 5 13
8252 14 7
8253 15 10
8254 2 13
8255 15 2
8256 6 14
8257 2 3
8258 2 6
8259 3 6
8260 7 13
8261 11 14
8262 14 8
8263 6 13
8264 4 4
8265 11 9
8266 3 4
8267 7 15
8268 4 14
8269 11 15
8270 8 12
8271 9 12
8272 3 10
8273 10 5
8274 11 9
8275 12 9
8276 6 7
8277 14 13
8278 9 5
8279 3 6
8280 14 6
8281 13 3
8282 7 10
8283 15 15
8284 5 12
8285 12 13
8286 15 5
8287 13 3
8288 3 9
8289 2 5
8290 2 12
8291 5 9
8292 15 8
8293 5 9
8294 3 7
8295 5 15
8296 11 14
8297 10 10
8298 15 7
8299 14 6
8300 13 9
8301 12 4
8302 15 10
8303 3 4
8304 5 7
8305 8 9
8306 15 11
8307 10 5
8308 14 8
8309 5 3
8310 6 8
8311 4 12
8312 6 15
8313 11 12
8314 3 4
8315 9 3
8316 13 3
8317 5 2
8318 9 4
8319 6 2
8320 9 12
8321 10 9
8322 7 6
8323 3 10
8324 3 7
8325 8 5
8326 4 8
8327 10 8
8328 10 7
8329 2 9
8330 6 7
8331 3 2
8332 12 8
8333 13 8
8334 5 6
8335 5 8
8336 4 11
8337 6 10
8338 11 9
8339 10 8
8340 3 12
8341 2 12
8342 5 3
8343 5 3
8344 2 2
8345 11 6
8346 5 3
8347 10 3
8348 6 5
8349 11 13
8350 13 8
8351 8 8
8352 3 5
8353 13 15
8354 13 6
8355 9 5
8356 4 14
8357 5 7
8358 12 6
8359 13 11
8360 6 13
8361 2 3
8362 4 10
8363 13 11
8364 9 13
8365 6 15
8366 13 5
8367 4 7
8368 12 3
8369 4 4
8370 7 9
8371 4 2
8372 12 9
8373 8 7
8374 2 4
8375 6 3
8376 4 12
8377 14 15
8378 2 11
8379 7 9
8380 11 2
8381 9 15
8382 5 9
8383 3 2
8384 15 2
8385 11 12
8386 6 15
8387 5 10
8388 10 4
8389 14 4
8390 14 3
8391 3 6
8392 14 13
8393 7 9
8394 9 13
8395 7 10
8396 6 12
8397 9 6
8398 7 9
8399 2 15
8400 7 6
8401 13 7
8402 10 14
8403 12 15
8404 15 15
8405 11 9
8406 3 6
8407 12 10
8408 13 12
8409 2 4
8410 8 15
8411 5 12
8412 4 7
8413 9 2
8414 5 11
8415 13 13
8416 8 7
8417 5 13
8418 3 5
8419 8 12
8420 3 6
8421 12 12
8422 10 9
8423 10 4
8424 6 12
8425 7 7
8426 8 11
8427 8 6
8428 6 5
8429 2 11
8430 10 13
8431 7 15
8432 11 3
8433 8 14
8434 9 11
8435 14 14
8436 7 6
8437 3 2
8438 9 12
8439 4 9
8440 12 4
8441 10 6
8442 11 10
8443 12 4
8444 6 9
8445 6 3
8446 14 6
8447 2 9
8448 2 5
8449 6 15
8450 11 3
8451 2 9
8452 6 2
8453 8 7
8454 12 15
8455 2 2
8456 6 4
8457 7 6
8458 14 15
8459 10 12
8460 14 10
8461 4 3
8462 13 6
8463 4 13
8464 5 8
8465 11 3
8466 6 5
8467 2 9
8468 7 5
8469 14 12
8470 12 8
8471 8 8
8472 3 6
8473 6 11
8474 6 4
8475 11 8
8476 12 7
8477 14 11
8478 4 12
8479 14 5
8480 6 4
8481 8 10
8482 5 6
8483 6 3
8484 6 11
8485 12 9
8486 10 4
8487 8 14
8488 15 8
8489 3 4
8490 10 9
8491 13 7
8492 10 12
8493 13 7
8494 9 7
8495 8 9
8496 8 8
8497 9 2
8498 10 2
8499 14 8
8500 3 14
8501 4 11
8502 6 14
8503 5 11
8504 10 7
8505 4 11
8506 10 11
8507 6 2
8508 14 15
8509 8 4
8510 8 12
8511 2 9
8512 14 14
8513 15 10
8514 9 15
8515 2 3
8516 2 6
8517 15 12
8518 3 7
8519 11 3
8520 15 6
8521 11 9
8522 13 7
8523 15 2
8524 3 13
8525 11 12
8526 10 13
8527 13 2
8528 13 5
8529 10 4
8530 10 13
8531 9 4
8532 5 12
8533 12 15
8534 4 6
8535 12 6
8536 13 2
8537 14 9
8538 11 13
8539 5 3
8540 3 2
8541 4 11
8542 3 10
8543 3 5
8544 5 3
8545 9 2
8546 15 10
8547 9 8
8548 2 3
8549 6 8
8550 9 4
8551 15 5
8552 15 15
8553 10 6
8554 15 11
8555 12 9
8556 15 12
8557 11 3
8558 8 4
8559 12 2
8560 4 4
8561 15 13
8562 12 5
8563 4 10
8564 13 13
8565 10 5
8566 9 9
8567 6 6
8568 12 3
8569 11 9
8570 7 12
8571 6 8
8572 8 13
8573 14 3
8574 9 8
8575 15 8
8576 4 2
8577 6 9
8578 3 11
8579 8 2
8580 11 6
8581 2 12
8582 12 12
8583 11 9
8584 2 7
8585 4 9
8586 13 9
8587 6 2
8588 4 7
8589 10 15
8590 15 10
8591 5 7
8592 13 10
8593 8 10
8594 3 4
8595 12 4
8596 7 12
8597 13 11
8598 7 9
8599 13 15
8600 14 4
8601 6 14
8602 14 12
8603 6 8
8604 3 15
8605 12 9
8606 8 9
8607 11 12
8608 4 11
8609 13 10
8610 14 12
8611 10 6
8612 4 13
8613 7 11
8614 11 7
8615 11 11
8616 15 8
8617 3 2
8618 2 15
8619 13 4
8620 5 3
8621 12 3
8622 9 12
8623 9 7
8624 14 5
8625 14 14
8626 13 14
8627 5 3
8628 4 13
8629 8 14
8630 8 3
8631 2 11
8632 6 3
8633 2 15
8634 13 3
8635 9 14
8636 7 11
8637 12 15
8638 2 4
8639 7 3
8640 13 9
8641 8 4
8642 12 11
8643 10 5
8644 5 6
8645 9 9
8646 12 6
8647 5 5
8648 13 4
8649 8 15
8650 10 14
8651 14 5
8652 3 11
8653 2 12
8654 12 3
8655 5 2
8656 14 4
8657 2 7
8658 14 8
8659 11 10
8660 15 3
8661 7 4
8662 12 13
8663 13 12
8664 10 9
8665 5 15
8666 5 11
8667 15 9
8668 10 7
8669 7 11
8670 10 15
8671 4 14
8672 3 9
8673 8 12
8674 8 15
8675 3 11
8676 3 4
8677 14 10
8678 6 3
8679 3 9
8680 5 2
8681 11 10
8682 7 2
8683 5 15
8684 6 15
8685 6 8
8686 13 7
8687 3 15
8688 15 4
8689 6 3
8690 10 11
8691 5 15
8692 10 11
8693 10 6
8694 8 11
8695 2 10
8696 13 3
8697 11 9
8698 6 12
8699 2 2
8700 7 8
8701 6 5
8702 7 14
8703 2 4
8704 5 10
8705 15 13
8706 7 14
8707 12 2
8708 5 9
8709 3 14
8710 11 11
8711 13 15
8712 14 14
8713 2 7
8714 3 8
8715 11 13
8716 11 3
8717 10 9
8718 4 6
8719 13 2
8720 3 2
8721 9 10
8722 5 12
8723 7 8
8724 9 6
8725 14 15
8726 5 2
8727 2 2
8728 14 14
8729 14 5
8730 10 11
8731 15 8
8732 12 12
8733 13 2
8734 10 9
8735 2 8
8736 14 8
8737 13 4
8738 8 13
8739 8 10
8740 4 3
8741 9 3
8742 11 7
8743 7 5
8744 7 8
8745 2 5
8746 5 3
8747 11 2
8748 5 8
8749 13 14
8750 14 14
8751 10 11
8752 2 14
8753 2 15
8754 13 5
8755 15 2
8756 3 2
8757 4 9
8758 4 6
8759 2 7
8760 7 11
8761 12 5
8762 6 4
8763 11 8
8764 9 12
8765 3 12
8766 3 3
8767 6 10
8768 5 9
8769 13 13
8770 15 7
8771 15 5
8772 9 13
8773 6 7
8774 14 10
8775 6 15
8776 12 5
8777 10 6
8778 7 13
8779 10 10
8780 3 2
8781 7 8
8782 13 11
8783 9 6
8784 3 5
8785 4 15
8786 10 5
8787 6 13
8788 10 5
8789 3 7
8790 13 15
8791 14 4
8792 2 5
8793 13 9
8794 12 14
8795 9 3
8796 2 9
8797 15 2
8798 6 6
8799 11 8
8800 6 15
8801 3 2
8802 6 15
8803 11 8
8804 9 2
8805 15 8
8806 8 9
8807 2 5
8808 5 8
8809 4 12
8810 8 10
8811 2 12
8812 6 2
8813 10 14
8814 7 2
8815 11 14
8816 7 15
8817 6 14
8818 14 11
8819 5 14
8820 2 7
8821 13 15
8822 11 8
8823 15 8
8824 14 13
8825 13 14
8826 2 14
8827 3 10
8828 8 13
8829 12 6
8830 15 10
8831 9 8
8832 11 13
8833 11 14
8834 10 6
8835 4 8
8836 9 13
8837 5 4
8838 2 6
8839 14 12
8840 6 3
8841 5 14
8842 10 6
8843 7 11
8844 8 2
8845 11 6
8846 7 6
8847 12 6
8848 14 12
8849 14 14
8850 11 2
8851 3 6
8852 11 12
8853 7 15
8854 6 15
8855 4 9
8856 9 2
8857 9 2
8858 9 2
8859 7 9
8860 12 15
8861 10 5
8862 8 2
8863 11 3
8864 6 11
8865 10 7
8866 3 9
8867 4 6
8868 14 14
8869 6 6
8870 15 9
8871 4 5
8872 12 4
8873 4 15
8874 11 12
8875 2 5
8876 3 12
8877 2 4
8878 12 10
8879 15 9
8880 11 7
8881 2 10
8882 13 5
8883 2 13
8884 6 6
8885 2 12
8886 15 15
8887 15 7
8888 10 13
8889 2 11
8890 5 7
8891 3 3
8892 10 9
8893 3 10
8894 3 5
8895 5 7
8896 11 7
8897 15 15
8898 12 8
8899 3 12
8900 8 6
8901 4 2
8902 7 11
8903 14 7
8904 7 8
8905 12 7
8906 9 6
8907 11 2
8908 4 7
8909 2 6
8910 4 11
8911 2 3
8912 11 5
8913 14 7
8914 10 13
8915 14 13
8916 10 14
8917 11 13
8918 7 5
8919 8 15
8920 11 2
8921 12 13
8922 4 8
8923 14 12
8924 3 3
8925 5 11
8926 10 11
8927 12 10
8928 13 8
8929 10 13
8930 3 15
8931 10 14
8932 2 11
8933 9 12
8934 10 10
8935 9 7
8936 6 5
8937 15 11
8938 6 5
8939 7 5
8940 14 14
8941 7 5
8942 9 7
8943 13 3
8944 13 5
8945 9 13
8946 8 7
8947 3 7
8948 10 10
8949 3 7
8950 12 9
8951 11 5
8952 9 14
8953 8 5
8954 11 15
8955 15 4
8956 10 5
8957 14 8
8958 12 11
8959 12 4
8960 11 6
8961 14 6
8962 7 7
8963 3 3
8964 8 8
8965 10 4
8966 11 9
8967 12 14
8968 5 4
8969 9 2
8970 4 3
8971 8 6
8972 14 10
8973 13 9
8974 13 3
8975 4 15
8976 2 15
8977 8 2
8978 13 4
8979 3 4
8980 10 15
8981 10 8
8982 8 7
8983 4 8
8984 13 10
8985 5 13
8986 6 3
8987 7 15
8988 7 11
8989 11 11
8990 3 13
8991 2 3
8992 13 7
8993 9 8
8994 12 9
8995 13 15
8996 8 6
8997 14 9
8998 13 4
8999 13 4
9000 13 14
9001 11 15
9002 10 3
9003 4 2
9004 11 11
9005 7 12
9006 12 9
9007 8 7
9008 9 4
9009 10 13
9010 11 6
9011 14 3
9012 5 6
9013 9 7
9014 2 11
9015 10 10
9016 11 10
9017 15 8
9018 6 7
9019 8 7
9020 14 4
9021 4 2
9022 15 13
9023 13 5
9024 8 10
9025 6 11
9026 11 7
9027 3 7
9028 6 4
9029 3 6
9030 6 9
9031 9 5
9032 4 6
9033 6 11
9034 14 3
9035 5 12
9036 6 4
9037 3 5
9038 10 15
9039 10 14
9040 4 2
9041 11 2
9042 10 10
9043 14 5
9044 2 9
9045 15 15
9046 2 7
9047 5 6
9048 11 8
9049 13 9
9050 10 4
9051 15 9
9052 6 3
9053 13 13
9054 15 3
9055 9 8
9056 9 6
9057 3 15
9058 4 6
9059 13 12
9060 3 7
9061 14 3
9062 13 14
9063 5 13
9064 3 7
9065 4 10
9066 7 6
9067 9 12
9068 13 10
9069 12 14
9070 3 13
9071 13 7
9072 2 8
9073 3 13
9074 14 10
9075 7 5
9076 15 10
9077 12 15
9078 12 2
9079 12 12
9080 2 5
9081 4 11
9082 8 15
9083 5 12
9084 5 6
9085 9 4
9086 9 15
9087 4 13
9088 9 6
9089 4 5
9090 12 3
9091 10 15
9092 13 13
9093 5 2
9094 8 3
9095 9 10
9096 11 5
9097 13 4
9098 2 8
9099 13 6
9100 11 8
9101 12 11
9102 5 12
9103 7 9
9104 10 12
9105 4 6
9106 15 5
9107 6 12
9108 9 9
9109 14 12
9110 8 11
9111 7 10
9112 9 6
9113 3 5
9114 3 14
9115 14 6
9116 8 9
9117 7 5
9118 12 8
9119 3 4
9120 9 7
9121 12 3
9122 7 13
9123 8 13
9124 4 14
9125 9 15
9126 14 15
9127 9 11
9128 8 12
9129 5 2
9130 6 6
9131 10 5
9132 15 14
9133 8 2
9134 10 14
9135 7 6
9136 12 7
9137 8 8
9138 14 9
9139 8 8
9140 6 2
9141 6 9
9142 13 5
9143 7 12
9144 15 2
9145 6 9
9146 8 5
9147 11 4
9148 10 5
9149 14 12
9150 3 11
9151 11 7
9152 4 11
9153 10 2
9154 13 2
9155 14 8
9156 3 14
9157 13 7
9158 7 14
9159 14 10
9160 3 12
9161 2 10
9162 5 7
9163 10 5
9164 4 15
9165 10 8
9166 15 13
9167 5 6
9168 14 4
9169 7 7
9170 8 5
9171 10 13
9172 5 2
9173 2 15
9174 2 14
9175 10 3
9176 10 8
9177 14 9
9178 2 4
9179 6 6
9180 2 5
9181 12 14
9182 13 5
9183 2 6
9184 13 3
9185 15 14
9186 8 12
9187 8 4
9188 15 13
9189 6 15
9190 3 3
9191 3 10
9192 13 13
9193 14 13
9194 8 2
9195 2 13
9196 15 10
9197 11 4
9198 3 13
9199 11 14
9200 8 5
9201 15 11
9202 15 6
9203 14 7
9204 8 10
9205 13 2
9206 6 6
9207 9 5
9208 3 6
9209 12 11
9210 9 8
9211 6 8
9212 3 5
9213 8 10
9214 6 9
9215 6 13
9216 10 10
9217 5 8
9218 2 9
9219 13 8
9220 7 14
9221 10 13
9222 3 9
9223 5 11
9224 2 8
9225 14 5
9226 9 7
9227 9 11
9228 3 12
9229 6 7
9230 4 14
9231 12 3
9232 3 10
9233 4 5
9234 15 9
9235 11 5
9236 3 4
9237 8 11
9238 15 9
9239 10 13
9240 15 11
9241 14 5
9242 2 14
9243 9 6
9244 8 6
9245 13 7
9246 15 4
9247 2 7
9248 13 11
9249 11 8
9250 15 2
9251 6 13
9252 5 14
9253 10 14
9254 9 10
9255 9 7
9256 12 5
9257 7 9
9258 13 9
9259 10 10
9260 15 13
9261 13 3
9262 3 8
9263 13 3
9264 8 4
9265 14 2
9266 4 10
9267 13 3
9268 4 5
9269 9 15
9270 3 2
9271 8 9
9272 4 12
9273 14 10
9274 9 4
9275 13 15
9276 10 8
9277 8 2
9278 6 3
9279 8 6
9280 13 12
9281 6 10
9282 7 11
9283 7 11
9284 12 4
9285 4 6
9286 10 12
9287 5 14
9288 11 13
9289 7 10
9290 11 6
9291 9 9
9292 5 7
9293 13 13
9294 15 4
9295 4 10
9296 13 15
9297 9 2
9298 7 8
9299 4 4
9300 9 3
9301 2 6
9302 13 5
9303 5 13
9304 3 10
9305 9 7
9306 3 2
9307 11 9
9308 11 4
9309 3 7
9310 12 10
9311 5 7
9312 12 2
9313 5 6
9314 6 15
9315 15 8
9316 11 13
9317 6 7
9318 11 14
9319 8 6
9320 10 10
9321 12 12
9322 5 3
9323 11 4
9324 3 13
9325 5 6
9326 4 6
9327 11 3
9328 4 14
9329 10 11
9330 12 14
9331 8 7
9332 11 14
9333 15 11
9334 11 6
9335 14 13
9336 15 11
9337 12 9
9338 5 4
9339 2 14
9340 5 5
9341 3 14
9342 11 4
9343 4 4
9344 9 15
9345 2 7
9346 3 2
9347 4 10
9348 14 9
9349 8 12
9350 9 7
9351 6 10
9352 14 3
9353 5 10
9354 8 8
9355 14 8
9356 13 9
9357 7 6
9358 15 10
9359 7 10
9360 3 11
9361 15 5
9362 4 12
9363 15 6
9364 13 4
9365 15 8
9366 10 9
9367 9 13
9368 14 6
9369 12 3
9370 10 8
9371 12 7
9372 4 2
9373 15 7
9374 15 9
9375 14 12
9376 7 13
9377 8 5
9378 11 10
9379 5 8
9380 7 4
9381 13 2
9382 5 9
9383 7 10
9384 5 2
9385 11 6
9386 7 3
9387 7 6
9388 10 2
9389 11 6
9390 2 12
9391 6 12
9392 9 8
9393 2 13
9394 13 6
9395 6 12
9396 2 11
9397 15 2
9398 15 13
9399 9 11
9400 12 9
9401 9 4
9402 9 13
9403 15 12
9404 14 10
9405 14 3
9406 2 7
9407 2 11
9408 13 4
9409 13 13
9410 4 15
9411 15 4
9412 3 8
9413 15 15
9414 3 2
9415 9 12
9416 13 2
9417 7 3
9418 15 10
9419 6 15
9420 5 12
9421 11 13
9422 2 7
9423 15 12
9424 15 7
9425 13 4
9426 11 13
9427 7 10
9428 2 12
9429 8 8
9430 15 12
9431 12 2
9432 3 5
9433 15 14
9434 10 4
9435 13 6
9436 3 4
9437 9 2
9438 6 11
9439 5 13
9440 10 8
9441 4 12
9442 13 15
9443 15 2
9444 6 6
9445 10 7
9446 3 7
9447 9 11
9448 15 13
9449 3 11
9450 9 3
9451 3 3
9452 4 13
9453 3 4
9454 7 11
9455 12 2
9456 14 4
9457 14 2
9458 5 12
9459 7 9
9460 3 13
9461 5 6
9462 15 12
9463 12 15
9464 5 13
9465 14 13
9466 4 6
9467 2 8
9468 13 6
9469 4 6
9470 4 11
9471 7 8
9472 5 15
9473 5 6
9474 5 4
9475 6 6
9476 13 9
9477 6 3
9478 9 7
9479 11 7
9480 7 14
9481 12 10
9482 9 15
9483 12 12
9484 15 4
9485 2 15
9486 11 8
9487 4 10
9488 11 5
9489 13 8
9490 7 12
9491 14 12
9492 14 6
9493 5 7
9494 13 10
9495 10 15
9496 13 14
9497 6 3
9498 10 14
9499 5 6
9500 5 9
9501 6 2
9502 3 10
9503 12 12
9504 4 9
9505 4 9
9506 11 7
9507 7 11
9508 8 12
9509 11 2
9510 7 13
9511 3 12
9512 7 15
9513 2 4
9514 8 9
9515 7 7
9516 12 3
9517 4 7
9518 6 4
9519 9 10
9520 4 14
9521 2 9
9522 14 11
9523 9 11
9524 11 13
9525 8 13
9526 8 9
9527 15 5
9528 6 13
9529 7 11
9530 7 9
9531 12 8
9532 6 2
9533 5 14
9534 10 3
9535 8 8
9536 14 6
9537 11 8
9538 11 2
9539 4 10
9540 4 6
9541 11 13
9542 10 5
9543 11 14
9544 4 4
9545 12 7
9546 14 2
9547 3 6
9548 14 14
9549 4 14
9550 7 9
9551 8 4
9552 9 2
9553 12 4
9554 5 4
9555 6 6
9556 3 4
9557 5 15
9558 5 8
9559 3 13
9560 5 4
9561 12 10
9562 15 14
9563 7 2
9564 9 4
9565 7 3
9566 9 10
9567 12 8
9568 13 5
9569 9 12
9570 8 15
9571 9 13
9572 5 14
9573 3 8
9574 4 7
9575 14 4
9576 8 14
9577 7 6
9578 15 12
9579 13 15
9580 8 11
9581 8 10
9582 3 7
9583 9 12
9584 13 11
9585 2 5
9586 11 4
9587 14 5
9588 7 7
9589 7 10
9590 15 2
9591 11 11
9592 14 8
9593 3 12
9594 5 4
9595 9 5
9596 2 5
9597 6 8
9598 3 7
9599 8 12
9600 4 8
9601 4 6
9602 6 8
9603 12 15
9604 9 2
9605 6 8
9606 4 4
9607 8 12
9608 10 15
9609 3 9
9610 14 3
9611 7 12
9612 13 3
9613 12 15
9614 8 14
9615 14 2
9616 4 7
9617 4 11
9618 10 8
9619 12 9
9620 2 9
9621 12 12
9622 8 8
9623 14 2
9624 6 8
9625 6 13
9626 12 3
9627 11 14
9628 14 9
9629 10 7
9630 14 9
9631 13 7
9632 15 10
9633 7 3
9634 14 4
9635 8 10
9636 14 8
9637 15 12
9638 3 4
9639 2 7
9640 13 11
9641 6 5
9642 10 15
9643 11 13
9644 15 9
9645 8 2
9646 9 6
9647 2 3
9648 15 9
9649 9 7
9650 2 11
9651 12 7
9652 6 8
9653 7 12
9654 6 14
9655 15 2
9656 10 6
9657 4 6
9658 7 8
9659 2 9
9660 7 6
9661 12 2
9662 11 3
9663 7 13
9664 2 10
9665 13 8
9666 5 4
9667 3 10
9668 3 4
9669 13 4
9670 12 9
9671 8 6
9672 7 9
9673 13 11
9674 5 15
9675 15 13
9676 15 10
9677 11 9
9678 2 3
9679 7 7
9680 2 4
9681 11 13
9682 12 14
9683 3 8
9684 10 13
9685 3 7
9686 12 13
9687 6 8
9688 8 2
9689 4 13
9690 6 13
9691 12 13
9692 3 15
9693 8 3
9694 14 5
9695 11 6
9696 6 11
9697 10 10
9698 15 14
9699 5 13
9700 14 2
9701 7 11
9702 9 5
9703 14 8
9704 6 13
9705 13 14
9706 4 6
9707 10 12
9708 2 11
9709 8 4
9710 12 6
9711 6 2
9712 8 5
9713 2 14
9714 8 12
9715 4 6
9716 6 9
9717 11 14
9718 12 7
9719 3 5
9720 5 2
9721 13 7
9722 5 3
9723 11 6
9724 13 13
9725 11 15
9726 9 11
9727 8 12
9728 11 7
9729 10 8
9730 9 10
9731 2 7
9732 7 7
9733 7 15
9734 9 4
9735 9 15
9736 13 9
9737 5 10
9738 13 4
9739 12 8
9740 6 8
9741 2 12
9742 15 11
9743 3 12
9744 9 10
9745 7 3
9746 5 13
9747 10 7
9748 6 6
9749 14 7
9750 9 12
9751 9 2
9752 4 11
9753 11 4
9754 11 7
9755 11 8
9756 8 14
9757 2 14
9758 6 10
9759 13 9
9760 5 8
9761 10 4
9762 8 11
9763 15 3
9764 3 8
9765 5 5
9766 3 11
9767 6 4
9768 15 4
9769 14 14
9770 13 8
9771 10 8
9772 7 14
9773 5 8
9774 11 6
9775 7 14
9776 7 12
9777 3 12
9778 12 12
9779 14 12
9780 7 10
9781 10 10
9782 8 5
9783 15 8
9784 9 14
9785 9 6
9786 15 9
9787 4 15
9788 4 8
9789 6 2
9790 10 15
9791 7 14
9792 9 12
9793 4 12
9794 3 8
9795 11 12
9796 8 8
9797 8 5
9798 12 2
9799 11 5
9800 4 11
9801 11 10
9802 3 11
9803 11 13
9804 8 2
9805 7 11
9806 5 4
9807 11 12
9808 9 12
9809 3 7
9810 2 13
9811 11 14
9812 12 8
9813 10 10
9814 15 5
9815 15 4
9816 9 7
9817 13 15
9818 5 4
9819 9 13
9820 5 7
9821 4 6
9822 3 2
9823 5 11
9824 9 9
9825 5 12
9826 11 9
9827 5 14
9828 4 9
9829 10 12
9830 3 14
9831 11 15
9832 7 15
9833 4 5
9834 9 13
9835 3 2
9836 13 2
9837 12 12
9838 8 15
9839 10 9
9840 15 8
9841 3 14
9842 8 6
9843 13 10
9844 3 13
9845 14 11
9846 12 10
9847 13 2
9848 9 9
9849 15 13
9850 2 6
9851 14 8
9852 15 15
9853 13 14
9854 2 7
9855 8 13
9856 10 12
9857 12 9
9858 8 14
9859 3 3
9860 4 15
9861 6 14
9862 15 11
9863 14 14
9864 3 13
9865 4 7
9866 8 12
9867 7 4
9868 5 14
9869 9 5
9870 6 3
9871 7 12
9872 13 3
9873 9 13
9874 9 14
9875 5 14
9876 6 7
9877 6 13
9878 9 7
9879 14 9
9880 13 6
9881 11 6
9882 11 2
9883 14 4
9884 4 10
9885 6 2
9886 5 7
9887 11 7
9888 13 6
9889 6 13
9890 4 11
9891 12 6
9892 9 13
9893 9 12
9894 6 4
9895 13 14
9896 13 4
9897 4 11
9898 6 15
9899 8 6
9900 12 5
9901 2 15
9902 5 11
9903 6 4
9904 11 2
9905 6 7
9906 13 10
9907 13 15
9908 10 8
9909 9 11
9910 4 7
9911 12 4
9912 11 15
9913 10 7
9914 10 7
9915 8 15
9916 9 12
9917 4 15
9918 10 9
9919 4 9
9920 8 2
9921 12 3
9922 7 5
9923 6 5
9924 5 4
9925 6 11
9926 14 13
9927 14 3
9928 12 5
9929 7 9
9930 9 11
9931 12 2
9932 15 13
9933 15 15
9934 14 14
9935 10 5
9936 13 5
9937 7 12
9938 2 8
9939 12 3
9940 7 10
9941 3 6
9942 10 10
9943 15 13
9944 10 15
9945 3 14
9946 2 9
9947 11 10
9948 5 5
9949 6 14
9950 13 4
9951 13 12
9952 15 5
9953 5 13
9954 13 9
9955 4 2
9956 11 6
9957 10 6
9958 3 13
9959 5 13
9960 15 3
9961 4 10
9962 6 2
9963 5 5
9964 5 11
9965 14 11
9966 9 9
9967 3 10
9968 14 2
9969 7 14
9970 12 3
9971 5 9
9972 3 9
9973 3 9
9974 5 3
9975 10 11
9976 5 11
9977 9 6
9978 11 2
9979 11 8
9980 15 3
9981 13 9
9982 14 12
9983 5 11
9984 14 12
9985 11 14
9986 9 2
9987 6 14
9988 8 11
9989 6 9
9990 12 4
9991 7 10
9992 9 10
9993 6 12
9994 6 6
9995 15 10
9996 5 7
9997 6 12
9998 10 10
9999 6 12
10000 9 3
