30
30 13 5
18 17 8
14 13 15
27 12 14
23 11 5
12 16 8
26 29 5
27 16 15
27 23 8
24 28 9
10 15 11
20 18 7
16 20 6
12 22 6
21 21 14
18 11 12
27 13 11
12 27 9
30 29 10
28 16 6
11 17 9
12 17 6
22 18 12
30 21 7
21 21 8
18 30 6
29 30 7
27 17 7
24 22 9
30 27 8

5000
1 12 7
2 15 14
3 14 2
4 5 15
5 2 14
6 7 8
7 6 3
8 5 11
9 13 7
10 5 12
11 9 8
12 12 9
13 4 6
14 4 5
15 13 10
16 10 6
17 13 11
18 8 11
19 8 7
20 5 4
21 10 9
22 3 14
23 2 15
24 3 4
25 12 4
26 14 12
27 8 11
28 3 8
29 8 11
30 9 10
31 6 10
32 15 2
33 12 13
34 3 12
35 10 14
36 6 14
37 12 7
38 3 6
39 8 4
40 9 2
41 13 13
42 6 10
43 14 4
44 10 3
45 15 12
46 6 15
47 12 10
48 11 5
49 4 7
50 14 4
51 10 14
52 10 2
53 11 7
54 9 2
55 3 7
56 15 14
57 6 5
58 2 5
59 11 3
60 3 13
61 9 15
62 3 14
63 10 14
64 4 4
65 12 9
66 10 4
67 6 10
68 15 11
69 8 5
70 10 14
71 13 13
72 5 13
73 6 8
74 12 12
75 7 9
76 10 9
77 3 5
78 5 3
79 7 2
80 11 10
81 5 11
82 5 2
83 3 13
84 12 2
85 5 3
86 2 15
87 7 3
88 10 5
89 6 12
90 9 5
91 10 4
92 13 11
93 11 9
94 5 14
95 9 14
96 8 5
97 3 3
98 12 8
99 7 8
100 8 9
101 15 13
102 2 12
103 12 12
104 3 2
105 8 13
106 7 14
107 15 3
108 5 5
109 5 10
110 9 4
111 8 4
112 6 9
113 5 15
114 3 9
115 14 15
116 15 10
117 3 2
118 12 10
119 15 2
120 3 14
121 15 5
122 4 8
123 9 9
124 5 15
125 8 2
126 4 8
127 2 8
128 6 14
129 14 9
130 6 8
131 13 13
132 14 10
133 12 13
134 9 4
135 5 6
136 5 2
137 11 13
138 10 2
139 13 7
140 2 2
141 11 9
142 10 15
143 10 4
144 2 10
145 3 15
146 4 3
147 11 3
148 12 15
149 5 8
150 3 11
151 5 11
152 11 2
153 11 3
154 8 12
155 11 11
156 10 7
157 6 5
158 12 13
159 7 5
160 6 8
161 4 12
162 12 6
163 9 7
164 14 3
165 2 9
166 11 11
167 3 3
168 10 5
169 10 6
170 4 7
171 3 5
172 7 6
173 4 9
174 15 10
175 13 6
176 11 14
177 12 10
178 2 12
179 15 10
180 6 12
181 3 4
182 6 3
183 3 13
184 10 4
185 6 6
186 11 5
187 13 7
188 5 12
189 12 15
190 6 10
191 9 6
192 15 2
193 3 12
194 8 15
195 6 2
196 2 7
197 14 4
198 12 6
199 4 13
200 9 10
201 13 8
202 10 2
203 3 3
204 13 4
205 10 2
206 15 7
207 11 10
208 4 8
209 4 2
210 6 7
211 14 15
212 2 7
213 5 12
214 5 12
215 3 7
216 14 10
217 15 8
218 11 13
219 4 5
220 15 4
221 14 14
222 4 8
223 2 4
224 13 7
225 14 8
226 14 12
227 15 13
228 14 5
229 6 4
230 14 13
231 3 8
232 15 2
233 15 9
234 5 5
235 15 9
236 7 6
237 15 14
238 15 5
239 5 2
240 12 5
241 8 7
242 6 15
243 3 14
244 6 7
245 12 10
246 8 12
247 15 10
248 7 2
249 3 6
250 4 11
251 6 2
252 3 11
253 8 7
254 13 14
255 7 8
256 11 10
257 3 8
258 11 5
259 6 2
260 13 8
261 2 10
262 14 10
263 12 13
264 13 13
265 12 5
266 7 8
267 3 12
268 7 11
269 7 12
270 15 3
271 13 6
272 10 6
273 12 8
274 7 8
275 13 6
276 10 4
277 5 8
278 12 8
279 12 13
280 4 11
281 11 6
282 8 10
283 15 2
284 6 6
285 5 8
286 14 11
287 11 12
288 7 9
289 9 9
290 12 5
291 10 9
292 14 14
293 13 4
294 12 3
295 6 10
296 12 12
297 11 7
298 3 15
299 14 5
300 12 6
301 5 14
302 5 4
303 2 2
304 5 9
305 11 15
306 14 3
307 9 8
308 12 11
309 5 13
310 13 8
311 9 8
312 5 4
313 12 13
314 2 14
315 15 14
316 3 14
317 8 5
318 4 14
319 13 10
320 9 2
321 10 5
322 15 3
323 9 4
324 14 9
325 12 10
326 10 11
327 7 14
328 9 11
329 15 13
330 10 8
331 15 10
332 9 4
333 13 15
334 9 9
335 6 14
336 5 15
337 12 6
338 14 14
339 10 9
340 12 5
341 6 9
342 3 13
343 6 5
344 6 7
345 7 10
346 3 4
347 4 5
348 8 13
349 4 13
350 5 3
351 8 8
352 7 10
353 9 8
354 2 5
355 15 8
356 8 14
357 11 13
358 2 15
359 14 11
360 8 9
361 2 7
362 6 14
363 8 15
364 15 8
365 10 13
366 13 10
367 14 11
368 5 9
369 5 6
370 8 9
371 2 8
372 7 12
373 12 14
374 8 13
375 4 15
376 9 4
377 11 10
378 2 8
379 11 11
380 12 2
381 3 12
382 8 4
383 15 9
384 4 2
385 6 8
386 7 5
387 9 7
388 7 14
389 8 6
390 14 15
391 8 6
392 15 3
393 9 2
394 13 10
395 2 7
396 5 12
397 3 14
398 12 2
399 14 2
400 5 5
401 15 2
402 11 4
403 5 4
404 9 12
405 3 11
406 5 9
407 13 6
408 14 7
409 4 11
410 11 13
411 13 3
412 14 15
413 4 6
414 3 11
415 2 6
416 11 12
417 8 8
418 13 5
419 3 11
420 13 15
421 12 5
422 3 13
423 14 6
424 15 12
425 11 14
426 3 14
427 11 14
428 2 7
429 10 8
430 12 7
431 3 10
432 12 7
433 2 15
434 8 15
435 9 3
436 8 7
437 12 15
438 9 13
439 4 8
440 4 13
441 10 12
442 6 11
443 14 10
444 14 9
445 9 8
446 15 13
447 11 6
448 7 15
449 5 15
450 3 6
451 9 5
452 14 9
453 11 11
454 12 8
455 7 2
456 9 15
457 7 4
458 9 5
459 7 14
460 6 7
461 6 11
462 13 6
463 10 2
464 10 5
465 3 5
466 13 8
467 9 10
468 14 5
469 13 9
470 12 13
471 9 9
472 14 2
473 3 6
474 5 8
475 13 5
476 6 12
477 11 7
478 9 10
479 10 7
480 8 13
481 10 7
482 7 13
483 9 6
484 6 6
485 5 3
486 13 5
487 7 3
488 13 10
489 14 13
490 4 5
491 5 13
492 9 6
493 13 11
494 14 10
495 11 6
496 3 15
497 5 6
498 5 7
499 4 6
500 2 13
501 10 4
502 6 2
503 2 10
504 6 13
505 4 12
506 15 14
507 9 3
508 15 2
509 11 6
510 9 9
511 9 7
512 4 2
513 6 15
514 9 3
515 15 3
516 8 9
517 3 11
518 12 12
519 2 4
520 4 14
521 11 6
522 3 5
523 3 10
524 14 8
525 11 11
526 14 11
527 5 14
528 10 8
529 9 9
530 6 15
531 11 8
532 6 11
533 11 2
534 11 13
535 3 14
536 5 12
537 5 6
538 12 3
539 4 5
540 4 10
541 3 4
542 2 8
543 9 13
544 11 9
545 6 2
546 5 6
547 13 6
548 13 15
549 9 3
550 12 5
551 6 14
552 14 12
553 11 12
554 14 5
555 8 3
556 10 5
557 12 4
558 6 15
559 4 3
560 2 4
561 14 6
562 11 13
563 15 11
564 6 9
565 3 9
566 13 6
567 13 8
568 6 10
569 10 9
570 9 3
571 11 2
572 8 13
573 7 11
574 6 2
575 3 5
576 12 15
577 15 11
578 11 2
579 14 12
580 15 6
581 11 2
582 14 14
583 4 9
584 10 12
585 9 6
586 4 11
587 8 12
588 15 9
589 3 9
590 7 8
591 7 7
592 12 3
593 15 4
594 7 8
595 13 9
596 6 12
597 8 15
598 14 10
599 2 9
600 3 7
601 6 7
602 3 14
603 8 15
604 10 15
605 2 12
606 15 10
607 9 8
608 2 5
609 10 7
610 11 14
611 9 12
612 9 14
613 2 5
614 6 10
615 4 6
616 9 13
617 9 3
618 2 12
619 11 14
620 5 13
621 4 6
622 10 2
623 10 8
624 3 5
625 15 3
626 9 3
627 12 15
628 4 9
629 13 6
630 10 13
631 6 8
632 15 9
633 9 5
634 9 10
635 4 8
636 5 11
637 10 13
638 4 15
639 3 6
640 14 14
641 15 8
642 7 14
643 10 6
644 15 2
645 6 13
646 6 15
647 11 11
648 12 9
649 15 4
650 9 10
651 9 7
652 7 10
653 14 10
654 8 9
655 7 15
656 5 13
657 5 11
658 8 5
659 15 14
660 8 2
661 7 13
662 9 13
663 14 8
664 8 12
665 14 15
666 12 4
667 9 2
668 4 10
669 11 7
670 15 3
671 15 15
672 9 3
673 10 9
674 2 13
675 4 8
676 15 12
677 4 3
678 9 14
679 6 7
680 11 13
681 8 12
682 3 15
683 7 15
684 12 15
685 10 8
686 7 12
687 13 14
688 9 15
689 10 2
690 11 3
691 5 12
692 12 6
693 5 13
694 3 8
695 3 14
696 12 13
697 15 3
698 9 4
699 13 6
700 2 2
701 7 14
702 2 6
703 7 7
704 8 4
705 5 10
706 8 11
707 12 14
708 4 4
709 4 3
710 11 15
711 8 11
712 12 5
713 9 11
714 4 5
715 9 12
716 6 9
717 6 12
718 2 14
719 9 6
720 12 10
721 4 3
722 9 7
723 11 6
724 12 8
725 13 6
726 9 15
727 6 5
728 8 15
729 9 3
730 5 8
731 11 7
732 11 6
733 13 6
734 2 15
735 12 8
736 6 2
737 11 15
738 12 14
739 13 2
740 11 13
741 9 15
742 6 14
743 14 5
744 11 14
745 7 5
746 12 5
747 11 6
748 12 14
749 13 14
750 12 12
751 15 4
752 12 3
753 12 12
754 2 6
755 14 9
756 2 11
757 7 13
758 4 3
759 6 7
760 13 8
761 4 5
762 4 14
763 10 7
764 10 10
765 6 15
766 4 6
767 15 9
768 14 6
769 13 15
770 7 14
771 3 9
772 3 4
773 14 5
774 15 12
775 13 12
776 8 15
777 14 10
778 7 3
779 14 8
780 2 6
781 10 3
782 9 7
783 12 13
784 12 6
785 11 8
786 15 12
787 7 3
788 12 5
789 9 2
790 11 10
791 7 11
792 5 12
793 3 12
794 15 9
795 13 6
796 12 8
797 3 4
798 2 2
799 6 9
800 3 3
801 5 10
802 4 8
803 9 7
804 12 13
805 13 10
806 8 11
807 13 13
808 4 8
809 12 3
810 15 9
811 11 8
812 6 2
813 13 7
814 5 9
815 9 5
816 15 7
817 3 12
818 7 10
819 12 7
820 2 8
821 6 5
822 3 15
823 15 9
824 3 12
825 5 12
826 12 11
827 2 2
828 14 7
829 5 4
830 14 11
831 5 3
832 15 14
833 10 5
834 11 5
835 15 15
836 5 7
837 14 4
838 14 11
839 2 6
840 15 4
841 4 10
842 6 14
843 4 3
844 12 15
845 2 4
846 2 7
847 14 14
848 5 11
849 7 2
850 4 6
851 2 4
852 13 8
853 10 3
854 13 3
855 9 9
856 14 7
857 10 11
858 3 9
859 10 5
860 11 2
861 13 14
862 15 12
863 10 6
864 9 12
865 2 2
866 9 15
867 8 8
868 12 3
869 9 13
870 9 3
871 3 7
872 11 4
873 3 4
874 6 11
875 12 11
876 10 13
877 7 8
878 11 10
879 6 9
880 10 11
881 8 3
882 14 13
883 3 15
884 12 12
885 14 10
886 13 15
887 5 8
888 9 5
889 8 7
890 15 9
891 8 8
892 13 3
893 7 8
894 7 12
895 6 7
896 4 12
897 9 3
898 3 15
899 3 3
900 8 3
901 13 13
902 7 14
903 4 10
904 2 11
905 10 10
906 7 12
907 3 8
908 7 15
909 12 14
910 8 15
911 13 2
912 6 11
913 6 7
914 3 11
915 10 5
916 4 12
917 9 5
918 15 3
919 7 15
920 10 7
921 3 14
922 6 11
923 5 14
924 8 15
925 10 14
926 15 11
927 11 12
928 12 10
929 2 11
930 12 15
931 13 6
932 2 4
933 6 13
934 14 6
935 7 7
936 2 4
937 15 4
938 11 12
939 8 3
940 4 13
941 12 2
942 3 13
943 10 5
944 8 8
945 9 7
946 4 7
947 6 13
948 7 14
949 11 11
950 3 2
951 4 4
952 14 11
953 2 12
954 3 6
955 9 12
956 8 9
957 11 9
958 8 6
959 5 14
960 10 3
961 7 8
962 3 6
963 12 12
964 11 9
965 10 12
966 6 2
967 5 8
968 11 2
969 2 5
970 6 5
971 14 4
972 14 6
973 6 7
974 3 2
975 9 13
976 8 4
977 4 8
978 10 13
979 5 10
980 10 15
981 12 14
982 7 3
983 8 15
984 13 2
985 8 2
986 9 3
987 15 7
988 11 8
989 11 8
990 13 12
991 8 6
992 3 8
993 2 7
994 4 14
995 11 9
996 15 13
997 7 3
998 8 15
999 3 5
1000 8 11
1001 8 10
1002 3 8
1003 15 6
1004 13 7
1005 5 7
1006 14 4
1007 3 10
1008 12 3
1009 10 10
1010 5 14
1011 7 7
1012 13 15
1013 12 15
1014 4 5
1015 3 4
1016 6 5
1017 4 11
1018 4 14
1019 14 12
1020 3 4
1021 14 12
1022 9 9
1023 14 11
1024 14 11
1025 9 12
1026 11 12
1027 12 11
1028 7 15
1029 12 7
1030 4 9
1031 3 9
1032 9 12
1033 6 14
1034 6 11
1035 2 7
1036 10 3
1037 6 9
1038 9 2
1039 2 7
1040 15 6
1041 3 12
1042 15 15
1043 3 11
1044 11 10
1045 8 9
1046 11 10
1047 14 13
1048 2 9
1049 14 11
1050 12 5
1051 7 11
1052 9 10
1053 4 2
1054 9 3
1055 14 15
1056 7 13
1057 3 10
1058 12 4
1059 2 5
1060 13 9
1061 9 10
1062 10 11
1063 4 7
1064 7 6
1065 8 8
1066 14 7
1067 12 11
1068 2 14
1069 12 12
1070 7 3
1071 7 3
1072 10 12
1073 8 6
1074 6 13
1075 15 12
1076 11 15
1077 4 7
1078 3 11
1079 12 4
1080 7 6
1081 12 13
1082 12 8
1083 4 11
1084 13 3
1085 6 10
1086 8 12
1087 14 7
1088 15 4
1089 12 13
1090 15 13
1091 12 10
1092 3 12
1093 12 8
1094 10 7
1095 2 7
1096 6 4
1097 5 7
1098 14 9
1099 5 5
1100 4 4
1101 3 6
1102 15 14
1103 3 10
1104 14 10
1105 15 13
1106 10 2
1107 12 7
1108 14 11
1109 4 11
1110 8 4
1111 4 4
1112 15 13
1113 14 11
1114 14 4
1115 13 9
1116 2 8
1117 7 12
1118 13 5
1119 9 11
1120 6 14
1121 13 14
1122 9 5
1123 10 5
1124 6 14
1125 14 9
1126 15 5
1127 7 12
1128 11 9
1129 9 14
1130 6 14
1131 8 10
1132 10 8
1133 4 15
1134 5 14
1135 11 4
1136 15 6
1137 2 12
1138 9 15
1139 7 10
1140 3 13
1141 15 10
1142 15 3
1143 6 3
1144 14 4
1145 6 9
1146 10 4
1147 15 8
1148 3 5
1149 15 9
1150 7 2
1151 8 2
1152 8 10
1153 7 5
1154 8 3
1155 7 5
1156 2 7
1157 3 15
1158 13 12
1159 7 14
1160 4 4
1161 2 6
1162 15 9
1163 13 15
1164 4 14
1165 13 9
1166 9 11
1167 2 3
1168 2 6
1169 5 15
1170 4 10
1171 13 11
1172 10 8
1173 3 14
1174 6 5
1175 6 3
1176 2 5
1177 8 12
1178 14 11
1179 9 3
1180 3 15
1181 9 11
1182 10 2
1183 12 10
1184 11 5
1185 13 4
1186 6 8
1187 2 11
1188 7 5
1189 11 8
1190 4 12
1191 12 3
1192 10 7
1193 3 10
1194 10 10
1195 14 10
1196 10 2
1197 8 15
1198 9 2
1199 12 8
1200 7 6
1201 13 2
1202 7 14
1203 3 7
1204 5 13
1205 12 12
1206 3 14
1207 11 13
1208 14 7
1209 4 2
1210 7 10
1211 7 15
1212 12 4
1213 15 14
1214 12 9
1215 13 9
1216 12 4
1217 14 4
1218 3 13
1219 14 9
1220 2 6
1221 5 2
1222 14 5
1223 2 7
1224 6 10
1225 8 15
1226 10 9
1227 6 2
1228 14 12
1229 5 6
1230 7 15
1231 14 2
1232 15 12
1233 7 6
1234 3 14
1235 7 8
1236 8 13
1237 9 8
1238 7 4
1239 9 13
1240 9 7
1241 14 10
1242 6 14
1243 3 13
1244 8 3
1245 8 11
1246 15 4
1247 10 6
1248 7 3
1249 3 7
1250 12 6
1251 6 9
1252 11 13
1253 8 4
1254 13 9
1255 7 9
1256 2 13
1257 15 7
1258 11 8
1259 6 12
1260 14 2
1261 3 12
1262 12 8
1263 7 10
1264 14 13
1265 12 4
1266 2 4
1267 15 11
1268 12 14
1269 9 2
1270 4 3
1271 5 14
1272 12 7
1273 7 8
1274 11 2
1275 11 4
1276 12 9
1277 7 7
1278 9 14
1279 3 11
1280 4 10
1281 7 8
1282 7 12
1283 6 5
1284 3 2
1285 13 4
1286 9 10
1287 8 10
1288 3 6
1289 14 6
1290 13 9
1291 5 11
1292 6 13
1293 9 5
1294 3 4
1295 15 3
1296 9 4
1297 13 9
1298 3 14
1299 12 15
1300 7 12
1301 7 13
1302 3 10
1303 10 6
1304 6 15
1305 4 13
1306 13 13
1307 12 4
1308 14 7
1309 10 5
1310 3 5
1311 14 4
1312 5 14
1313 9 2
1314 7 10
1315 11 7
1316 9 14
1317 10 4
1318 11 3
1319 3 6
1320 8 13
1321 13 9
1322 10 8
1323 14 8
1324 15 11
1325 3 4
1326 7 12
1327 3 9
1328 9 12
1329 10 7
1330 4 15
1331 14 10
1332 12 11
1333 4 14
1334 4 8
1335 10 15
1336 2 15
1337 3 10
1338 4 6
1339 4 4
1340 7 13
1341 5 7
1342 10 6
1343 15 3
1344 6 5
1345 12 10
1346 6 4
1347 12 6
1348 11 10
1349 3 10
1350 12 4
1351 11 11
1352 4 4
1353 12 11
1354 13 11
1355 7 15
1356 11 2
1357 15 15
1358 2 3
1359 2 12
1360 14 11
1361 6 12
1362 5 14
1363 11 8
1364 11 12
1365 2 9
1366 12 10
1367 6 12
1368 6 9
1369 5 14
1370 14 12
1371 8 6
1372 9 3
1373 13 2
1374 4 9
1375 8 9
1376 9 5
1377 7 11
1378 4 7
1379 15 13
1380 7 13
1381 15 7
1382 8 4
1383 14 7
1384 10 10
1385 3 7
1386 5 9
1387 3 6
1388 9 5
1389 4 3
1390 2 6
1391 8 15
1392 11 8
1393 5 15
1394 4 15
1395 7 11
1396 13 7
1397 5 14
1398 4 9
1399 10 9
1400 9 6
1401 9 2
1402 3 8
1403 10 9
1404 5 5
1405 11 7
1406 2 2
1407 6 9
1408 11 15
1409 12 12
1410 9 6
1411 10 2
1412 15 3
1413 8 4
1414 6 13
1415 7 14
1416 8 7
1417 2 8
1418 2 11
1419 10 5
1420 7 10
1421 6 3
1422 8 10
1423 9 14
1424 10 6
1425 15 11
1426 12 11
1427 3 4
1428 3 8
1429 7 14
1430 7 10
1431 7 14
1432 4 5
1433 11 10
1434 8 10
1435 2 2
1436 2 4
1437 13 7
1438 14 9
1439 10 9
1440 4 11
1441 10 4
1442 7 11
1443 7 4
1444 8 11
1445 13 15
1446 6 11
1447 7 10
1448 15 10
1449 10 9
1450 13 11
1451 6 9
1452 15 2
1453 7 7
1454 12 3
1455 8 11
1456 6 14
1457 13 15
1458 13 12
1459 2 11
1460 9 6
1461 12 14
1462 14 11
1463 11 5
1464 13 2
1465 11 9
1466 4 10
1467 12 13
1468 11 14
1469 15 8
1470 4 15
1471 12 5
1472 2 11
1473 13 3
1474 5 2
1475 9 7
1476 8 4
1477 8 13
1478 5 8
1479 10 14
1480 11 9
1481 15 15
1482 13 13
1483 2 13
1484 4 10
1485 5 10
1486 7 12
1487 9 10
1488 8 7
1489 4 9
1490 10 7
1491 10 7
1492 12 14
1493 15 13
1494 12 12
1495 14 13
1496 6 11
1497 9 5
1498 5 6
1499 10 6
1500 5 6
1501 14 6
1502 13 5
1503 13 13
1504 9 7
1505 9 7
1506 10 14
1507 13 6
1508 6 3
1509 11 12
1510 10 8
1511 8 15
1512 7 14
1513 14 4
1514 6 2
1515 6 13
1516 3 7
1517 9 12
1518 6 13
1519 9 5
1520 5 15
1521 10 6
1522 10 13
1523 6 4
1524 3 11
1525 13 11
1526 5 5
1527 2 12
1528 10 5
1529 12 5
1530 2 3
1531 8 7
1532 13 9
1533 3 12
1534 14 4
1535 2 10
1536 4 8
1537 12 9
1538 9 12
1539 5 14
1540 6 7
1541 6 12
1542 2 14
1543 3 12
1544 11 5
1545 10 13
1546 13 15
1547 2 4
1548 8 15
1549 4 2
1550 15 8
1551 14 9
1552 4 13
1553 15 6
1554 2 2
1555 6 11
1556 11 3
1557 7 6
1558 9 12
1559 10 10
1560 9 4
1561 15 10
1562 9 6
1563 5 14
1564 3 7
1565 4 13
1566 9 12
1567 6 13
1568 4 2
1569 13 7
1570 14 6
1571 11 12
1572 14 5
1573 4 11
1574 15 12
1575 8 15
1576 8 10
1577 7 3
1578 8 12
1579 3 4
1580 4 9
1581 7 5
1582 2 6
1583 8 5
1584 9 14
1585 6 7
1586 6 11
1587 13 11
1588 2 6
1589 12 7
1590 13 5
1591 2 12
1592 3 9
1593 6 4
1594 8 12
1595 10 13
1596 14 6
1597 13 3
1598 12 6
1599 7 11
1600 5 5
1601 4 9
1602 4 9
1603 13 11
1604 7 8
1605 13 10
1606 9 14
1607 10 14
1608 12 15
1609 5 14
1610 5 12
1611 14 11
1612 15 14
1613 3 10
1614 9 10
1615 13 7
1616 3 11
1617 3 2
1618 15 10
1619 10 5
1620 11 10
1621 4 4
1622 7 15
1623 10 9
1624 3 12
1625 5 13
1626 11 9
1627 3 10
1628 9 14
1629 2 9
1630 4 10
1631 8 9
1632 11 2
1633 10 9
1634 12 14
1635 6 13
1636 2 8
1637 6 15
1638 2 13
1639 5 11
1640 3 2
1641 8 7
1642 13 3
1643 10 2
1644 3 9
1645 2 6
1646 8 4
1647 14 4
1648 14 12
1649 13 12
1650 8 7
1651 8 9
1652 15 8
1653 8 3
1654 12 12
1655 15 10
1656 4 12
1657 15 7
1658 3 4
1659 10 8
1660 10 4
1661 13 5
1662 15 2
1663 14 2
1664 6 9
1665 12 13
1666 10 8
1667 10 8
1668 15 5
1669 5 9
1670 7 4
1671 6 5
1672 13 14
1673 3 2
1674 14 12
1675 8 11
1676 14 2
1677 5 5
1678 3 3
1679 11 2
1680 9 11
1681 12 13
1682 15 2
1683 5 13
1684 2 8
1685 9 5
1686 10 5
1687 14 15
1688 14 2
1689 4 10
1690 6 5
1691 15 13
1692 11 7
1693 11 11
1694 14 12
1695 15 7
1696 5 6
1697 4 12
1698 10 5
1699 8 6
1700 6 2
1701 10 11
1702 13 4
1703 12 12
1704 8 10
1705 9 2
1706 7 12
1707 12 8
1708 14 10
1709 7 13
1710 8 8
1711 4 6
1712 8 4
1713 14 10
1714 9 5
1715 15 5
1716 6 15
1717 13 4
1718 14 9
1719 2 10
1720 8 8
1721 10 10
1722 4 8
1723 5 6
1724 5 7
1725 12 3
1726 9 15
1727 7 3
1728 10 13
1729 15 5
1730 2 6
1731 8 12
1732 11 11
1733 2 15
1734 3 5
1735 14 14
1736 11 13
1737 12 10
1738 5 9
1739 5 15
1740 7 6
1741 2 5
1742 5 13
1743 3 13
1744 14 9
1745 5 13
1746 11 13
1747 5 8
1748 5 10
1749 7 14
1750 6 8
1751 9 10
1752 12 7
1753 6 6
1754 7 10
1755 9 9
1756 3 14
1757 13 9
1758 14 15
1759 7 5
1760 7 7
1761 8 2
1762 11 15
1763 5 13
1764 4 2
1765 6 10
1766 11 11
1767 13 8
1768 6 4
1769 5 7
1770 5 8
1771 11 15
1772 5 9
1773 10 12
1774 12 7
1775 6 14
1776 15 9
1777 13 12
1778 13 9
1779 9 4
1780 13 14
1781 7 4
1782 4 13
1783 10 9
1784 4 10
1785 12 2
1786 10 2
1787 15 15
1788 3 15
1789 12 2
1790 14 2
1791 8 4
1792 15 12
1793 5 3
1794 13 4
1795 2 5
1796 10 9
1797 7 2
1798 11 12
1799 12 11
1800 9 12
1801 9 2
1802 2 10
1803 10 8
1804 2 2
1805 10 13
1806 6 10
1807 6 2
1808 10 15
1809 13 12
1810 8 14
1811 4 3
1812 3 10
1813 4 5
1814 5 11
1815 10 6
1816 15 7
1817 6 14
1818 8 3
1819 7 8
1820 9 11
1821 5 13
1822 5 6
1823 12 15
1824 15 3
1825 12 15
1826 12 14
1827 2 3
1828 8 8
1829 8 10
1830 9 2
1831 12 2
1832 13 4
1833 3 9
1834 15 8
1835 12 14
1836 7 11
1837 15 3
1838 10 2
1839 5 5
1840 15 13
1841 11 9
1842 6 2
1843 3 12
1844 6 10
1845 11 12
1846 2 4
1847 15 7
1848 2 5
1849 11 4
1850 14 15
1851 13 15
1852 8 3
1853 6 4
1854 11 5
1855 11 15
1856 15 8
1857 12 10
1858 7 8
1859 14 13
1860 4 14
1861 13 13
1862 3 10
1863 13 7
1864 2 3
1865 8 5
1866 15 3
1867 7 11
1868 14 11
1869 11 8
1870 14 7
1871 2 12
1872 6 14
1873 9 9
1874 5 7
1875 10 8
1876 8 4
1877 12 11
1878 12 8
1879 3 14
1880 11 6
1881 14 5
1882 13 3
1883 3 6
1884 4 8
1885 13 14
1886 12 4
1887 13 8
1888 7 7
1889 3 3
1890 2 6
1891 9 7
1892 14 6
1893 3 4
1894 3 4
1895 8 9
1896 10 10
1897 10 8
1898 3 2
1899 3 7
1900 10 3
1901 11 11
1902 14 7
1903 15 8
1904 2 6
1905 8 8
1906 14 3
1907 13 10
1908 5 11
1909 10 4
1910 12 8
1911 4 4
1912 6 6
1913 6 9
1914 4 3
1915 4 8
1916 6 8
1917 6 9
1918 14 3
1919 7 6
1920 5 13
1921 12 9
1922 11 11
1923 5 9
1924 3 4
1925 6 2
1926 8 7
1927 15 11
1928 8 14
1929 15 7
1930 9 7
1931 8 15
1932 15 15
1933 12 11
1934 4 6
1935 7 11
1936 13 5
1937 9 7
1938 4 8
1939 7 6
1940 13 13
1941 12 9
1942 11 14
1943 5 7
1944 8 6
1945 15 14
1946 8 7
1947 3 11
1948 5 11
1949 10 4
1950 12 14
1951 10 2
1952 13 9
1953 13 5
1954 9 14
1955 6 15
1956 13 3
1957 15 15
1958 14 14
1959 8 12
1960 9 4
1961 12 6
1962 5 6
1963 12 4
1964 13 8
1965 14 8
1966 3 9
1967 11 9
1968 11 8
1969 10 10
1970 15 13
1971 8 10
1972 2 14
1973 7 13
1974 14 10
1975 11 12
1976 3 3
1977 14 5
1978 12 12
1979 7 4
1980 12 11
1981 2 11
1982 12 12
1983 12 8
1984 14 7
1985 14 8
1986 3 2
1987 3 6
1988 5 10
1989 13 10
1990 10 11
1991 13 11
1992 5 9
1993 7 8
1994 9 14
1995 12 11
1996 13 10
1997 4 7
1998 2 9
1999 3 6
2000 8 3
2001 3 15
2002 13 4
2003 7 6
2004 7 9
2005 14 5
2006 10 9
2007 7 9
2008 3 9
2009 13 13
2010 9 7
2011 3 6
2012 2 14
2013 13 3
2014 2 15
2015 7 12
2016 3 12
2017 14 4
2018 13 5
2019 10 4
2020 10 4
2021 7 10
2022 8 9
2023 5 14
2024 8 12
2025 4 4
2026 12 12
2027 8 8
2028 2 13
2029 11 5
2030 9 11
2031 8 8
2032 2 13
2033 5 5
2034 6 14
2035 13 14
2036 14 3
2037 11 3
2038 14 15
2039 10 4
2040 7 7
2041 5 9
2042 3 6
2043 12 15
2044 9 10
2045 12 7
2046 11 8
2047 11 8
2048 11 3
2049 7 7
2050 15 9
2051 11 4
2052 15 12
2053 13 14
2054 6 11
2055 11 3
2056 12 4
2057 7 3
2058 5 6
2059 3 4
2060 7 13
2061 4 10
2062 8 8
2063 11 4
2064 11 8
2065 8 4
2066 9 12
2067 10 13
2068 12 4
2069 10 4
2070 9 6
2071 4 4
2072 7 15
2073 9 11
2074 2 15
2075 7 2
2076 9 4
2077 5 15
2078 8 10
2079 10 12
2080 9 8
2081 12 9
2082 8 13
2083 15 9
2084 9 4
2085 3 11
2086 2 14
2087 14 5
2088 6 2
2089 6 5
2090 10 6
2091 4 14
2092 9 11
2093 13 14
2094 14 9
2095 10 10
2096 3 11
2097 3 6
2098 14 10
2099 15 7
2100 10 15
2101 14 2
2102 14 13
2103 9 10
2104 5 8
2105 3 13
2106 15 12
2107 14 5
2108 6 15
2109 2 9
2110 6 7
2111 15 15
2112 3 9
2113 15 3
2114 14 14
2115 5 5
2116 14 13
2117 11 13
2118 7 15
2119 13 11
2120 12 8
2121 4 11
2122 4 14
2123 5 15
2124 5 14
2125 2 11
2126 7 10
2127 6 11
2128 10 4
2129 7 13
2130 6 6
2131 11 6
2132 15 10
2133 12 15
2134 3 4
2135 14 14
2136 8 2
2137 6 15
2138 12 4
2139 13 15
2140 4 5
2141 4 13
2142 7 15
2143 5 14
2144 15 12
2145 8 9
2146 4 11
2147 12 6
2148 12 8
2149 8 9
2150 3 12
2151 14 14
2152 3 8
2153 10 13
2154 6 13
2155 7 9
2156 9 7
2157 11 2
2158 15 14
2159 15 13
2160 3 13
2161 9 12
2162 12 13
2163 7 15
2164 3 14
2165 10 8
2166 5 8
2167 15 5
2168 9 6
2169 7 15
2170 6 7
2171 10 11
2172 4 11
2173 15 9
2174 14 7
2175 12 14
2176 2 2
2177 3 12
2178 14 15
2179 9 2
2180 3 15
2181 4 9
2182 9 2
2183 8 5
2184 13 4
2185 12 6
2186 4 15
2187 6 3
2188 12 7
2189 6 3
2190 7 12
2191 12 4
2192 2 8
2193 12 6
2194 13 13
2195 14 5
2196 8 12
2197 3 13
2198 3 2
2199 5 9
2200 3 4
2201 11 5
2202 10 12
2203 9 2
2204 2 13
2205 7 15
2206 3 15
2207 8 13
2208 4 9
2209 3 5
2210 8 3
2211 13 14
2212 3 3
2213 7 7
2214 6 4
2215 8 14
2216 15 14
2217 15 4
2218 12 12
2219 4 3
2220 10 11
2221 2 11
2222 12 4
2223 9 7
2224 13 5
2225 12 13
2226 4 8
2227 11 12
2228 9 15
2229 5 3
2230 3 4
2231 14 3
2232 11 13
2233 8 7
2234 8 7
2235 14 4
2236 5 6
2237 12 3
2238 5 10
2239 11 11
2240 13 11
2241 6 14
2242 13 2
2243 15 15
2244 12 6
2245 5 10
2246 11 10
2247 5 13
2248 8 6
2249 12 2
2250 14 14
2251 5 9
2252 8 3
2253 5 9
2254 12 11
2255 3 10
2256 2 7
2257 7 4
2258 8 15
2259 15 11
2260 8 7
2261 10 12
2262 4 14
2263 9 14
2264 3 2
2265 11 3
2266 2 6
2267 5 2
2268 2 14
2269 8 10
2270 6 12
2271 13 10
2272 14 8
2273 8 13
2274 8 3
2275 12 10
2276 10 11
2277 4 6
2278 3 6
2279 3 10
2280 5 14
2281 4 10
2282 7 8
2283 11 12
2284 14 15
2285 12 12
2286 12 3
2287 6 13
2288 8 13
2289 15 5
2290 2 5
2291 3 8
2292 3 9
2293 11 11
2294 2 6
2295 12 13
2296 12 13
2297 4 3
2298 2 13
2299 4 13
2300 2 4
2301 9 7
2302 10 10
2303 14 15
2304 13 6
2305 4 7
2306 4 13
2307 14 15
2308 6 13
2309 3 14
2310 2 7
2311 14 8
2312 6 10
2313 3 6
2314 13 11
2315 12 3
2316 9 9
2317 10 7
2318 2 9
2319 15 11
2320 4 7
2321 4 6
2322 14 3
2323 11 12
2324 13 3
2325 5 13
2326 10 2
2327 2 15
2328 15 2
2329 5 2
2330 9 7
2331 8 4
2332 4 15
2333 2 10
2334 14 13
2335 13 12
2336 8 5
2337 7 5
2338 8 13
2339 7 6
2340 15 3
2341 11 7
2342 3 10
2343 12 2
2344 4 5
2345 14 10
2346 2 8
2347 3 9
2348 15 6
2349 14 15
2350 6 7
2351 3 10
2352 9 2
2353 7 5
2354 6 11
2355 14 6
2356 13 11
2357 5 9
2358 7 11
2359 9 14
2360 14 5
2361 13 10
2362 14 14
2363 5 4
2364 2 8
2365 2 5
2366 10 7
2367 12 15
2368 13 2
2369 7 2
2370 14 12
2371 8 15
2372 13 13
2373 6 3
2374 5 10
2375 5 8
2376 9 2
2377 4 13
2378 6 3
2379 2 5
2380 15 10
2381 8 13
2382 7 9
2383 13 3
2384 11 3
2385 10 4
2386 12 15
2387 8 3
2388 11 11
2389 2 8
2390 12 4
2391 5 6
2392 6 15
2393 7 14
2394 8 13
2395 15 13
2396 7 7
2397 9 6
2398 5 3
2399 5 4
2400 14 14
2401 11 3
2402 4 3
2403 4 9
2404 9 7
2405 8 3
2406 10 7
2407 14 5
2408 9 6
2409 9 6
2410 15 3
2411 3 4
2412 14 12
2413 6 15
2414 13 13
2415 11 2
2416 5 15
2417 15 7
2418 4 3
2419 13 5
2420 7 8
2421 10 2
2422 12 6
2423 6 15
2424 4 2
2425 8 15
2426 9 10
2427 13 10
2428 5 3
2429 9 3
2430 14 14
2431 4 3
2432 2 2
2433 15 14
2434 5 4
2435 5 15
2436 8 7
2437 12 12
2438 12 3
2439 11 11
2440 6 15
2441 3 2
2442 3 5
2443 12 9
2444 14 4
2445 3 15
2446 15 14
2447 7 3
2448 2 9
2449 2 4
2450 11 8
2451 15 13
2452 8 9
2453 2 8
2454 12 8
2455 4 7
2456 5 4
2457 6 6
2458 9 4
2459 2 11
2460 11 11
2461 5 12
2462 6 9
2463 8 10
2464 9 2
2465 3 6
2466 8 4
2467 8 5
2468 12 14
2469 10 5
2470 12 14
2471 10 14
2472 2 8
2473 14 13
2474 7 9
2475 10 14
2476 9 7
2477 11 10
2478 7 8
2479 6 4
2480 2 7
2481 11 5
2482 2 14
2483 14 6
2484 2 14
2485 9 10
2486 7 14
2487 11 5
2488 4 3
2489 5 12
2490 5 6
2491 10 15
2492 14 13
2493 2 14
2494 5 11
2495 15 14
2496 8 7
2497 15 15
2498 4 4
2499 5 11
2500 7 14
2501 13 13
2502 7 11
2503 2 13
2504 13 7
2505 11 11
2506 4 11
2507 5 15
2508 14 9
2509 10 6
2510 4 9
2511 2 3
2512 2 5
2513 11 5
2514 2 10
2515 9 2
2516 7 11
2517 5 14
2518 4 7
2519 13 4
2520 14 15
2521 15 7
2522 2 2
2523 4 11
2524 13 4
2525 14 3
2526 15 10
2527 15 7
2528 3 7
2529 13 12
2530 8 11
2531 3 7
2532 6 7
2533 4 4
2534 13 8
2535 14 12
2536 9 12
2537 7 4
2538 13 10
2539 13 11
2540 14 7
2541 5 12
2542 11 15
2543 4 8
2544 6 13
2545 13 6
2546 4 4
2547 13 2
2548 13 11
2549 8 15
2550 14 11
2551 2 4
2552 11 7
2553 14 11
2554 5 12
2555 11 3
2556 9 4
2557 7 13
2558 3 5
2559 7 7
2560 4 12
2561 3 15
2562 13 12
2563 12 13
2564 7 9
2565 2 6
2566 5 5
2567 13 3
2568 7 6
2569 14 3
2570 13 2
2571 2 8
2572 9 13
2573 8 4
2574 8 9
2575 8 7
2576 10 8
2577 3 15
2578 9 14
2579 15 11
2580 12 14
2581 12 5
2582 4 9
2583 3 14
2584 15 2
2585 6 2
2586 7 6
2587 3 3
2588 7 4
2589 8 4
2590 13 3
2591 10 3
2592 7 11
2593 11 9
2594 13 2
2595 8 12
2596 4 11
2597 8 4
2598 2 3
2599 7 5
2600 5 8
2601 13 10
2602 13 13
2603 10 6
2604 12 6
2605 6 5
2606 3 2
2607 8 11
2608 10 15
2609 9 4
2610 2 7
2611 2 8
2612 3 6
2613 15 12
2614 12 11
2615 9 5
2616 3 2
2617 5 4
2618 12 6
2619 3 9
2620 15 3
2621 6 14
2622 8 9
2623 9 12
2624 6 3
2625 12 10
2626 8 4
2627 7 8
2628 7 4
2629 9 2
2630 6 9
2631 9 6
2632 5 15
2633 6 11
2634 2 4
2635 14 13
2636 12 3
2637 3 12
2638 7 14
2639 10 8
2640 14 11
2641 5 10
2642 2 15
2643 8 15
2644 10 8
2645 10 12
2646 15 9
2647 11 5
2648 9 6
2649 3 8
2650 15 13
2651 2 10
2652 11 10
2653 14 11
2654 12 11
2655 4 3
2656 14 9
2657 4 4
2658 5 14
2659 5 4
2660 2 8
2661 3 12
2662 8 5
2663 15 12
2664 4 15
2665 11 6
2666 7 13
2667 14 3
2668 3 8
2669 10 8
2670 10 7
2671 15 6
2672 10 9
2673 15 2
2674 14 13
2675 11 11
2676 10 14
2677 8 3
2678 8 4
2679 4 11
2680 11 11
2681 14 3
2682 3 11
2683 14 3
2684 14 6
2685 15 10
2686 7 8
2687 6 8
2688 12 9
2689 11 11
2690 9 2
2691 4 6
2692 8 4
2693 11 11
2694 12 13
2695 8 2
2696 8 7
2697 13 5
2698 2 13
2699 9 6
2700 7 2
2701 7 15
2702 14 6
2703 6 6
2704 15 9
2705 15 13
2706 12 3
2707 15 5
2708 4 6
2709 13 9
2710 14 15
2711 7 6
2712 13 8
2713 11 12
2714 3 5
2715 9 5
2716 15 8
2717 13 9
2718 14 10
2719 15 7
2720 15 2
2721 10 14
2722 4 3
2723 6 13
2724 10 8
2725 4 14
2726 15 10
2727 11 2
2728 4 5
2729 15 5
2730 15 2
2731 5 2
2732 9 2
2733 7 13
2734 5 6
2735 7 15
2736 9 10
2737 8 12
2738 3 12
2739 2 5
2740 7 9
2741 11 9
2742 4 15
2743 9 11
2744 10 7
2745 7 4
2746 15 6
2747 13 15
2748 13 3
2749 6 2
2750 8 2
2751 4 15
2752 11 14
2753 5 15
2754 5 12
2755 5 12
2756 5 6
2757 12 8
2758 10 2
2759 15 14
2760 14 12
2761 2 9
2762 4 12
2763 4 11
2764 14 2
2765 5 6
2766 11 14
2767 6 13
2768 13 12
2769 6 8
2770 8 15
2771 7 9
2772 6 5
2773 9 6
2774 12 10
2775 15 11
2776 8 11
2777 3 2
2778 10 12
2779 15 15
2780 7 10
2781 12 11
2782 11 6
2783 6 12
2784 3 9
2785 3 7
2786 6 12
2787 7 15
2788 6 6
2789 12 13
2790 12 6
2791 5 4
2792 10 14
2793 5 2
2794 14 15
2795 14 14
2796 11 8
2797 12 7
2798 12 4
2799 13 2
2800 12 9
2801 6 6
2802 8 8
2803 8 13
2804 2 11
2805 13 11
2806 15 5
2807 7 13
2808 13 5
2809 12 10
2810 12 14
2811 9 12
2812 7 10
2813 6 15
2814 4 15
2815 12 10
2816 4 6
2817 3 9
2818 4 13
2819 6 13
2820 14 10
2821 14 4
2822 12 7
2823 12 3
2824 5 7
2825 5 13
2826 15 6
2827 8 14
2828 7 7
2829 6 11
2830 6 9
2831 15 3
2832 9 2
2833 15 12
2834 11 11
2835 11 3
2836 9 5
2837 10 3
2838 15 12
2839 8 10
2840 6 8
2841 2 15
2842 15 4
2843 4 5
2844 7 8
2845 11 9
2846 4 7
2847 15 13
2848 4 14
2849 3 9
2850 7 12
2851 4 7
2852 12 2
2853 2 9
2854 6 5
2855 14 14
2856 4 11
2857 14 4
2858 9 14
2859 14 14
2860 3 4
2861 11 8
2862 12 8
2863 8 8
2864 9 8
2865 2 2
2866 10 5
2867 13 7
2868 2 7
2869 14 15
2870 10 5
2871 2 12
2872 2 12
2873 13 5
2874 5 13
2875 7 6
2876 4 3
2877 8 10
2878 11 6
2879 4 3
2880 15 2
2881 6 6
2882 9 13
2883 10 11
2884 10 7
2885 8 12
2886 4 7
2887 9 7
2888 14 5
2889 4 14
2890 8 2
2891 5 5
2892 13 4
2893 5 13
2894 2 11
2895 10 4
2896 3 7
2897 13 12
2898 14 2
2899 8 12
2900 6 14
2901 10 11
2902 2 11
2903 2 12
2904 3 12
2905 15 2
2906 2 13
2907 3 8
2908 9 8
2909 3 10
2910 6 9
2911 13 4
2912 5 13
2913 12 12
2914 2 6
2915 8 12
2916 3 12
2917 10 6
2918 11 11
2919 13 4
2920 8 15
2921 3 10
2922 13 11
2923 3 6
2924 3 14
2925 3 9
2926 5 11
2927 5 14
2928 6 15
2929 10 5
2930 7 13
2931 8 6
2932 4 2
2933 10 9
2934 5 13
2935 9 7
2936 5 2
2937 2 12
2938 3 3
2939 15 11
2940 12 9
2941 4 3
2942 14 10
2943 3 13
2944 13 3
2945 6 12
2946 5 9
2947 6 6
2948 9 2
2949 3 15
2950 4 15
2951 2 15
2952 6 7
2953 14 12
2954 7 8
2955 13 3
2956 3 15
2957 14 2
2958 2 15
2959 4 12
2960 12 4
2961 7 7
2962 9 11
2963 6 13
2964 3 7
2965 15 7
2966 4 3
2967 8 8
2968 9 6
2969 15 8
2970 13 15
2971 9 14
2972 8 12
2973 14 4
2974 3 4
2975 13 13
2976 2 15
2977 4 3
2978 8 11
2979 9 14
2980 11 12
2981 9 4
2982 11 8
2983 14 7
2984 11 2
2985 15 12
2986 15 13
2987 4 9
2988 9 3
2989 8 9
2990 2 3
2991 6 12
2992 7 2
2993 13 15
2994 12 10
2995 14 13
2996 11 13
2997 11 5
2998 12 15
2999 7 10
3000 10 13
3001 13 11
3002 3 8
3003 12 13
3004 5 9
3005 7 12
3006 12 12
3007 8 4
3008 15 15
3009 10 11
3010 2 2
3011 12 4
3012 10 15
3013 9 15
3014 9 15
3015 4 3
3016 14 9
3017 7 5
3018 7 6
3019 2 10
3020 5 10
3021 12 8
3022 8 15
3023 5 3
3024 9 9
3025 14 11
3026 9 3
3027 15 9
3028 9 7
3029 3 9
3030 13 12
3031 2 3
3032 8 8
3033 2 10
3034 10 2
3035 15 3
3036 14 11
3037 11 12
3038 6 10
3039 10 5
3040 12 12
3041 9 7
3042 7 15
3043 2 15
3044 5 15
3045 9 7
3046 10 14
3047 11 11
3048 9 13
3049 12 7
3050 13 9
3051 3 3
3052 14 12
3053 5 2
3054 7 7
3055 15 12
3056 14 6
3057 10 10
3058 7 13
3059 3 2
3060 4 9
3061 4 15
3062 13 13
3063 13 8
3064 3 6
3065 11 5
3066 5 3
3067 15 8
3068 5 9
3069 15 14
3070 5 13
3071 7 3
3072 14 8
3073 2 12
3074 15 12
3075 11 3
3076 14 9
3077 9 12
3078 11 10
3079 4 9
3080 2 10
3081 13 2
3082 10 8
3083 15 11
3084 9 10
3085 14 4
3086 13 11
3087 4 13
3088 15 4
3089 3 8
3090 12 11
3091 11 7
3092 10 8
3093 8 11
3094 13 14
3095 5 6
3096 8 7
3097 6 9
3098 14 4
3099 4 8
3100 11 13
3101 13 10
3102 6 15
3103 13 10
3104 15 7
3105 13 13
3106 10 12
3107 5 5
3108 5 11
3109 13 6
3110 12 7
3111 12 4
3112 13 12
3113 4 10
3114 10 13
3115 12 7
3116 13 3
3117 14 7
3118 10 9
3119 11 11
3120 12 13
3121 8 12
3122 13 15
3123 10 6
3124 15 8
3125 14 2
3126 10 3
3127 2 8
3128 4 2
3129 12 2
3130 5 6
3131 14 14
3132 4 6
3133 12 6
3134 4 15
3135 2 13
3136 14 6
3137 5 14
3138 10 2
3139 7 15
3140 9 3
3141 11 15
3142 12 13
3143 10 15
3144 5 13
3145 12 10
3146 8 5
3147 10 14
3148 14 14
3149 13 6
3150 13 12
3151 2 8
3152 8 8
3153 14 12
3154 7 10
3155 2 2
3156 13 6
3157 5 11
3158 15 14
3159 15 15
3160 9 15
3161 5 12
3162 13 13
3163 12 7
3164 14 11
3165 10 13
3166 11 5
3167 14 13
3168 5 6
3169 9 4
3170 12 3
3171 4 4
3172 13 10
3173 3 8
3174 2 8
3175 6 10
3176 6 4
3177 4 11
3178 15 6
3179 2 7
3180 9 13
3181 4 2
3182 4 7
3183 11 2
3184 14 12
3185 11 15
3186 12 6
3187 9 14
3188 11 10
3189 7 3
3190 14 13
3191 7 10
3192 5 4
3193 10 3
3194 14 10
3195 4 8
3196 10 10
3197 8 3
3198 7 5
3199 5 12
3200 7 7
3201 7 6
3202 5 14
3203 11 10
3204 9 10
3205 15 14
3206 12 2
3207 3 12
3208 7 9
3209 5 12
3210 11 11
3211 5 2
3212 12 7
3213 8 14
3214 3 8
3215 6 10
3216 13 6
3217 2 10
3218 15 14
3219 7 10
3220 14 10
3221 9 9
3222 2 6
3223 12 5
3224 7 10
3225 3 3
3226 4 14
3227 10 10
3228 2 12
3229 3 5
3230 12 12
3231 14 5
3232 15 12
3233 8 15
3234 3 5
3235 10 15
3236 13 13
3237 14 8
3238 12 15
3239 3 13
3240 12 4
3241 2 9
3242 13 7
3243 2 3
3244 3 2
3245 4 14
3246 6 10
3247 3 11
3248 15 5
3249 6 8
3250 8 9
3251 12 8
3252 8 7
3253 2 8
3254 12 3
3255 10 2
3256 12 13
3257 11 3
3258 14 13
3259 11 2
3260 13 15
3261 3 7
3262 10 3
3263 6 14
3264 12 6
3265 11 3
3266 6 14
3267 9 8
3268 8 15
3269 12 2
3270 9 4
3271 10 5
3272 4 13
3273 8 14
3274 14 15
3275 10 6
3276 12 4
3277 6 12
3278 14 15
3279 13 12
3280 7 2
3281 10 15
3282 10 4
3283 3 2
3284 2 11
3285 11 8
3286 10 10
3287 3 6
3288 5 13
3289 13 13
3290 7 5
3291 8 12
3292 15 10
3293 4 4
3294 4 5
3295 11 15
3296 6 5
3297 3 4
3298 12 14
3299 11 15
3300 2 15
3301 14 10
3302 9 12
3303 10 3
3304 6 12
3305 3 6
3306 3 5
3307 13 11
3308 9 7
3309 7 4
3310 12 12
3311 5 3
3312 6 11
3313 3 5
3314 7 9
3315 9 7
3316 11 12
3317 6 13
3318 11 4
3319 11 11
3320 7 14
3321 7 8
3322 4 2
3323 7 5
3324 14 5
3325 13 13
3326 12 8
3327 6 15
3328 7 4
3329 12 13
3330 7 9
3331 9 9
3332 7 14
3333 6 9
3334 10 3
3335 4 12
3336 11 3
3337 15 6
3338 15 15
3339 4 10
3340 5 6
3341 13 12
3342 3 13
3343 3 2
3344 15 10
3345 12 2
3346 15 11
3347 11 8
3348 14 11
3349 5 2
3350 10 6
3351 10 10
3352 9 12
3353 14 4
3354 7 8
3355 5 14
3356 11 13
3357 15 6
3358 4 9
3359 10 10
3360 3 8
3361 7 10
3362 2 12
3363 5 15
3364 14 11
3365 12 4
3366 14 10
3367 4 9
3368 4 4
3369 11 11
3370 12 15
3371 4 13
3372 13 9
3373 7 2
3374 5 14
3375 9 5
3376 3 6
3377 7 5
3378 2 12
3379 5 10
3380 14 7
3381 8 9
3382 9 2
3383 2 12
3384 7 3
3385 13 10
3386 12 15
3387 6 15
3388 13 6
3389 11 10
3390 11 4
3391 8 12
3392 8 7
3393 11 12
3394 15 3
3395 10 6
3396 8 5
3397 10 8
3398 7 15
3399 15 7
3400 9 14
3401 9 11
3402 2 10
3403 4 9
3404 4 5
3405 3 10
3406 12 6
3407 5 4
3408 4 4
3409 7 11
3410 13 15
3411 3 12
3412 5 8
3413 14 7
3414 13 3
3415 9 12
3416 9 9
3417 5 11
3418 4 12
3419 15 8
3420 2 5
3421 2 4
3422 11 11
3423 4 4
3424 12 10
3425 2 11
3426 4 2
3427 4 6
3428 4 10
3429 8 11
3430 11 12
3431 2 13
3432 13 12
3433 15 6
3434 3 5
3435 9 11
3436 9 15
3437 9 4
3438 5 15
3439 8 11
3440 4 14
3441 11 15
3442 14 4
3443 11 12
3444 10 6
3445 4 13
3446 12 7
3447 9 11
3448 11 3
3449 5 8
3450 8 4
3451 3 2
3452 5 10
3453 15 10
3454 12 8
3455 15 4
3456 11 3
3457 4 9
3458 11 11
3459 2 14
3460 10 10
3461 14 3
3462 3 9
3463 12 4
3464 11 10
3465 15 2
3466 14 12
3467 12 8
3468 10 8
3469 7 15
3470 2 13
3471 10 8
3472 5 14
3473 9 14
3474 14 8
3475 7 11
3476 14 13
3477 14 15
3478 13 11
3479 3 8
3480 4 6
3481 9 14
3482 5 15
3483 3 6
3484 11 10
3485 8 6
3486 5 2
3487 13 13
3488 14 2
3489 11 10
3490 3 10
3491 2 8
3492 12 5
3493 13 14
3494 7 8
3495 7 3
3496 4 8
3497 12 11
3498 6 6
3499 15 10
3500 8 11
3501 7 11
3502 6 12
3503 8 14
3504 5 8
3505 10 14
3506 10 9
3507 4 7
3508 10 10
3509 9 6
3510 6 11
3511 7 14
3512 13 8
3513 13 4
3514 15 15
3515 12 3
3516 13 5
3517 9 14
3518 13 4
3519 3 5
3520 10 8
3521 14 7
3522 14 10
3523 11 13
3524 12 13
3525 2 4
3526 8 12
3527 2 14
3528 3 15
3529 4 9
3530 11 8
3531 3 3
3532 6 5
3533 7 3
3534 11 2
3535 13 8
3536 8 11
3537 12 10
3538 6 13
3539 11 2
3540 14 15
3541 4 12
3542 9 9
3543 2 5
3544 15 12
3545 14 10
3546 6 5
3547 2 14
3548 11 10
3549 10 13
3550 5 11
3551 4 12
3552 2 7
3553 5 12
3554 2 4
3555 3 6
3556 14 8
3557 7 12
3558 8 8
3559 11 5
3560 10 2
3561 13 13
3562 3 3
3563 10 6
3564 13 15
3565 10 11
3566 7 7
3567 15 6
3568 5 11
3569 5 9
3570 8 11
3571 2 6
3572 4 8
3573 10 3
3574 10 3
3575 10 6
3576 7 3
3577 14 10
3578 6 10
3579 15 14
3580 11 6
3581 13 9
3582 8 11
3583 9 14
3584 5 14
3585 7 14
3586 9 12
3587 9 11
3588 15 2
3589 9 3
3590 6 3
3591 8 12
3592 14 5
3593 12 13
3594 5 14
3595 7 8
3596 7 10
3597 10 2
3598 13 15
3599 6 5
3600 6 3
3601 8 12
3602 13 15
3603 7 3
3604 10 4
3605 9 7
3606 7 5
3607 11 6
3608 4 13
3609 12 5
3610 9 13
3611 5 5
3612 13 5
3613 15 6
3614 5 5
3615 5 15
3616 5 15
3617 11 7
3618 4 14
3619 3 3
3620 3 12
3621 12 9
3622 11 2
3623 14 15
3624 10 2
3625 15 9
3626 7 11
3627 7 9
3628 11 15
3629 6 9
3630 4 14
3631 10 6
3632 8 5
3633 14 11
3634 4 2
3635 10 14
3636 8 9
3637 10 2
3638 10 7
3639 8 15
3640 12 14
3641 4 9
3642 3 13
3643 10 9
3644 7 13
3645 2 2
3646 12 5
3647 8 11
3648 3 7
3649 7 11
3650 15 6
3651 4 10
3652 6 5
3653 6 9
3654 11 7
3655 7 4
3656 9 8
3657 5 8
3658 13 14
3659 7 7
3660 15 8
3661 6 9
3662 4 11
3663 4 11
3664 12 5
3665 15 3
3666 13 6
3667 14 5
3668 10 8
3669 15 8
3670 5 4
3671 14 13
3672 4 9
3673 14 2
3674 4 8
3675 9 4
3676 15 12
3677 10 10
3678 13 7
3679 14 9
3680 6 6
3681 10 15
3682 11 2
3683 8 3
3684 13 4
3685 2 5
3686 15 6
3687 9 15
3688 12 3
3689 9 13
3690 7 6
3691 7 7
3692 10 10
3693 14 6
3694 7 2
3695 8 3
3696 7 15
3697 12 11
3698 5 11
3699 11 12
3700 12 10
3701 4 14
3702 6 7
3703 7 12
3704 10 9
3705 14 13
3706 9 3
3707 8 11
3708 6 9
3709 12 4
3710 15 4
3711 12 14
3712 7 8
3713 12 11
3714 11 8
3715 15 3
3716 3 4
3717 7 5
3718 7 7
3719 12 6
3720 13 6
3721 11 12
3722 8 6
3723 9 14
3724 15 7
3725 13 11
3726 10 9
3727 8 4
3728 4 15
3729 2 4
3730 13 5
3731 12 6
3732 13 13
3733 13 3
3734 5 4
3735 8 3
3736 3 3
3737 9 10
3738 2 2
3739 14 8
3740 10 14
3741 3 3
3742 6 11
3743 4 3
3744 12 8
3745 6 5
3746 5 13
3747 6 9
3748 12 4
3749 4 10
3750 15 4
3751 2 2
3752 12 7
3753 15 7
3754 15 9
3755 9 15
3756 10 6
3757 10 9
3758 4 13
3759 10 4
3760 11 11
3761 9 12
3762 13 12
3763 11 8
3764 10 12
3765 12 10
3766 6 7
3767 9 10
3768 5 14
3769 3 9
3770 6 7
3771 8 6
3772 4 6
3773 2 2
3774 10 15
3775 14 15
3776 4 7
3777 6 9
3778 10 2
3779 13 9
3780 14 9
3781 6 2
3782 14 8
3783 14 6
3784 11 5
3785 14 2
3786 10 7
3787 5 8
3788 10 8
3789 8 5
3790 4 13
3791 13 12
3792 8 15
3793 8 5
3794 6 3
3795 8 12
3796 5 10
3797 14 14
3798 11 14
3799 13 12
3800 6 6
3801 12 13
3802 10 14
3803 6 8
3804 5 15
3805 3 4
3806 4 6
3807 3 12
3808 9 11
3809 9 6
3810 13 11
3811 9 5
3812 7 2
3813 4 2
3814 10 2
3815 4 3
3816 6 6
3817 4 13
3818 9 13
3819 2 5
3820 3 4
3821 2 9
3822 5 7
3823 8 6
3824 14 14
3825 9 7
3826 9 13
3827 14 2
3828 7 3
3829 15 14
3830 4 2
3831 6 14
3832 8 3
3833 10 9
3834 4 5
3835 15 6
3836 15 8
3837 15 2
3838 3 14
3839 13 5
3840 8 14
3841 9 5
3842 13 2
3843 5 9
3844 13 14
3845 3 10
3846 12 5
3847 9 8
3848 12 6
3849 7 4
3850 12 13
3851 2 13
3852 10 10
3853 3 6
3854 9 12
3855 6 5
3856 7 2
3857 15 12
3858 5 3
3859 5 12
3860 8 7
3861 2 4
3862 14 6
3863 11 3
3864 8 14
3865 5 2
3866 2 11
3867 14 13
3868 9 13
3869 11 4
3870 7 14
3871 3 5
3872 4 9
3873 3 12
3874 11 7
3875 14 12
3876 2 2
3877 7 12
3878 4 13
3879 10 14
3880 3 4
3881 9 5
3882 7 10
3883 14 12
3884 14 7
3885 14 9
3886 13 5
3887 2 13
3888 8 7
3889 13 4
3890 6 2
3891 9 13
3892 9 10
3893 6 10
3894 13 9
3895 5 11
3896 4 10
3897 7 7
3898 13 9
3899 6 15
3900 15 11
3901 15 10
3902 4 3
3903 10 4
3904 9 6
3905 15 6
3906 10 7
3907 9 2
3908 14 12
3909 10 8
3910 13 4
3911 2 11
3912 15 7
3913 14 11
3914 5 7
3915 13 3
3916 12 10
3917 15 8
3918 5 10
3919 12 9
3920 14 10
3921 4 11
3922 6 7
3923 8 12
3924 7 3
3925 3 10
3926 12 3
3927 2 15
3928 4 4
3929 15 2
3930 5 3
3931 9 5
3932 3 2
3933 11 12
3934 15 8
3935 12 9
3936 10 11
3937 13 11
3938 6 2
3939 7 5
3940 11 13
3941 3 2
3942 5 12
3943 9 15
3944 3 9
3945 14 12
3946 2 7
3947 10 13
3948 8 15
3949 7 14
3950 13 2
3951 15 11
3952 6 10
3953 2 13
3954 3 15
3955 6 3
3956 5 10
3957 3 3
3958 13 5
3959 10 8
3960 5 5
3961 10 12
3962 5 11
3963 12 4
3964 10 13
3965 10 8
3966 13 3
3967 14 12
3968 11 7
3969 12 9
3970 13 12
3971 8 3
3972 4 14
3973 4 10
3974 8 10
3975 7 12
3976 4 10
3977 11 9
3978 7 7
3979 10 7
3980 15 7
3981 8 14
3982 12 8
3983 15 13
3984 7 11
3985 5 11
3986 10 5
3987 8 14
3988 10 13
3989 6 7
3990 9 9
3991 8 2
3992 13 2
3993 6 11
3994 2 10
3995 4 6
3996 2 6
3997 5 5
3998 15 7
3999 2 14
4000 15 13
4001 15 6
4002 10 10
4003 10 11
4004 11 4
4005 3 2
4006 9 7
4007 4 4
4008 6 7
4009 11 5
4010 5 6
4011 14 6
4012 3 11
4013 8 11
4014 5 13
4015 3 13
4016 7 14
4017 9 4
4018 9 15
4019 13 13
4020 11 15
4021 3 11
4022 12 6
4023 2 13
4024 14 11
4025 8 3
4026 14 2
4027 14 7
4028 7 15
4029 8 8
4030 15 3
4031 15 14
4032 5 13
4033 12 15
4034 11 2
4035 12 14
4036 12 8
4037 2 6
4038 10 2
4039 7 10
4040 11 4
4041 7 10
4042 13 5
4043 4 2
4044 12 13
4045 8 9
4046 14 11
4047 11 10
4048 3 5
4049 8 6
4050 14 8
4051 4 4
4052 7 3
4053 9 11
4054 13 2
4055 10 8
4056 6 3
4057 8 10
4058 8 14
4059 13 4
4060 14 4
4061 9 10
4062 5 9
4063 8 12
4064 11 5
4065 10 11
4066 13 10
4067 5 5
4068 3 6
4069 14 8
4070 7 12
4071 11 3
4072 3 12
4073 8 8
4074 7 7
4075 5 7
4076 7 11
4077 12 2
4078 14 6
4079 4 7
4080 11 15
4081 14 9
4082 11 4
4083 9 2
4084 15 5
4085 5 12
4086 7 4
4087 14 13
4088 15 3
4089 3 13
4090 2 5
4091 11 4
4092 15 15
4093 15 6
4094 2 7
4095 13 14
4096 3 6
4097 9 9
4098 2 7
4099 5 13
4100 10 5
4101 5 10
4102 10 14
4103 6 10
4104 9 11
4105 13 4
4106 13 13
4107 12 2
4108 8 11
4109 12 10
4110 2 6
4111 4 2
4112 6 5
4113 14 13
4114 11 6
4115 2 9
4116 12 2
4117 3 8
4118 12 6
4119 12 15
4120 12 7
4121 15 3
4122 2 6
4123 15 12
4124 8 5
4125 8 10
4126 13 3
4127 7 9
4128 15 11
4129 10 3
4130 4 5
4131 10 9
4132 10 13
4133 2 2
4134 5 10
4135 6 7
4136 9 8
4137 13 4
4138 2 7
4139 12 7
4140 7 12
4141 6 5
4142 10 6
4143 14 2
4144 12 6
4145 8 15
4146 2 10
4147 6 5
4148 4 7
4149 8 12
4150 4 3
4151 13 8
4152 10 12
4153 11 15
4154 12 12
4155 5 8
4156 5 11
4157 4 8
4158 6 11
4159 7 9
4160 10 4
4161 5 12
4162 4 11
4163 10 12
4164 14 5
4165 15 4
4166 6 13
4167 13 10
4168 4 8
4169 14 4
4170 12 11
4171 4 7
4172 3 10
4173 10 13
4174 3 4
4175 7 15
4176 4 13
4177 2 14
4178 7 8
4179 8 6
4180 9 13
4181 15 12
4182 13 6
4183 4 14
4184 5 3
4185 4 4
4186 2 14
4187 11 11
4188 6 11
4189 11 11
4190 5 11
4191 5 5
4192 12 2
4193 7 3
4194 13 14
4195 9 4
4196 10 15
4197 11 9
4198 13 12
4199 7 4
4200 15 8
4201 9 9
4202 4 4
4203 5 5
4204 2 8
4205 14 2
4206 6 8
4207 5 13
4208 12 5
4209 14 5
4210 3 4
4211 9 15
4212 11 9
4213 13 7
4214 15 9
4215 5 8
4216 8 14
4217 2 11
4218 13 15
4219 8 13
4220 7 8
4221 11 13
4222 11 11
4223 10 10
4224 12 13
4225 14 2
4226 10 3
4227 9 9
4228 15 2
4229 5 10
4230 10 8
4231 13 2
4232 10 8
4233 10 14
4234 12 2
4235 5 6
4236 9 8
4237 6 14
4238 15 6
4239 9 4
4240 8 6
4241 11 2
4242 13 10
4243 4 9
4244 15 12
4245 9 3
4246 13 10
4247 3 4
4248 14 11
4249 13 10
4250 4 8
4251 8 7
4252 9 2
4253 4 9
4254 11 13
4255 5 9
4256 3 6
4257 7 13
4258 12 13
4259 14 4
4260 13 13
4261 3 3
4262 3 13
4263 9 12
4264 7 3
4265 10 13
4266 8 13
4267 14 10
4268 11 4
4269 8 10
4270 8 2
4271 14 4
4272 7 11
4273 15 12
4274 15 4
4275 4 15
4276 4 4
4277 14 13
4278 2 8
4279 6 6
4280 13 14
4281 9 6
4282 12 4
4283 3 4
4284 5 2
4285 11 14
4286 6 2
4287 9 9
4288 15 9
4289 10 14
4290 2 11
4291 9 5
4292 5 11
4293 12 9
4294 9 8
4295 9 3
4296 11 11
4297 2 5
4298 10 6
4299 11 12
4300 10 15
4301 15 5
4302 2 4
4303 4 2
4304 12 7
4305 2 4
4306 15 2
4307 12 11
4308 15 11
4309 6 7
4310 3 2
4311 3 8
4312 4 4
4313 12 6
4314 11 12
4315 13 13
4316 11 11
4317 14 10
4318 4 9
4319 13 11
4320 7 2
4321 3 14
4322 6 7
4323 7 8
4324 15 3
4325 14 8
4326 15 10
4327 3 6
4328 9 4
4329 3 13
4330 15 6
4331 7 10
4332 8 10
4333 5 13
4334 5 11
4335 2 3
4336 11 13
4337 12 10
4338 3 9
4339 13 13
4340 11 14
4341 13 6
4342 8 11
4343 15 7
4344 6 10
4345 11 11
4346 7 4
4347 11 11
4348 9 10
4349 13 12
4350 9 9
4351 14 4
4352 11 5
4353 13 6
4354 5 2
4355 3 2
4356 9 12
4357 14 3
4358 13 15
4359 5 14
4360 11 8
4361 8 2
4362 7 7
4363 10 14
4364 12 5
4365 2 12
4366 5 13
4367 6 6
4368 14 3
4369 6 6
4370 10 10
4371 7 14
4372 2 3
4373 12 7
4374 7 8
4375 13 11
4376 11 2
4377 15 4
4378 5 7
4379 15 7
4380 12 9
4381 9 14
4382 2 12
4383 4 9
4384 4 12
4385 9 15
4386 10 7
4387 9 14
4388 15 8
4389 13 2
4390 15 10
4391 6 11
4392 13 12
4393 7 10
4394 10 2
4395 5 11
4396 12 7
4397 14 14
4398 7 3
4399 4 6
4400 15 2
4401 7 8
4402 12 10
4403 15 4
4404 11 11
4405 8 4
4406 11 3
4407 15 14
4408 14 6
4409 13 15
4410 7 13
4411 2 6
4412 8 3
4413 9 5
4414 7 9
4415 15 6
4416 5 10
4417 6 4
4418 3 7
4419 14 2
4420 14 5
4421 3 9
4422 10 2
4423 14 9
4424 10 4
4425 5 7
4426 9 13
4427 15 10
4428 6 14
4429 7 4
4430 14 15
4431 3 15
4432 10 12
4433 4 5
4434 13 2
4435 9 8
4436 13 15
4437 10 3
4438 2 6
4439 2 12
4440 15 11
4441 15 3
4442 7 9
4443 2 3
4444 10 14
4445 12 13
4446 6 2
4447 11 14
4448 6 12
4449 5 7
4450 5 5
4451 6 6
4452 10 7
4453 14 9
4454 12 3
4455 6 4
4456 4 6
4457 3 2
4458 11 10
4459 10 3
4460 5 10
4461 7 10
4462 7 6
4463 4 13
4464 14 6
4465 11 5
4466 4 3
4467 6 11
4468 7 10
4469 9 2
4470 4 2
4471 9 12
4472 2 3
4473 8 2
4474 3 8
4475 8 4
4476 13 11
4477 11 12
4478 15 13
4479 13 9
4480 11 7
4481 6 7
4482 15 5
4483 13 14
4484 12 14
4485 10 3
4486 14 14
4487 9 11
4488 4 3
4489 15 14
4490 13 9
4491 3 9
4492 6 12
4493 12 13
4494 14 9
4495 9 5
4496 5 4
4497 15 11
4498 6 7
4499 8 4
4500 13 12
4501 7 14
4502 15 7
4503 9 9
4504 2 3
4505 9 3
4506 7 9
4507 9 15
4508 4 6
4509 14 7
4510 11 11
4511 4 10
4512 3 8
4513 15 13
4514 14 3
4515 7 10
4516 12 3
4517 14 6
4518 10 9
4519 8 11
4520 8 5
4521 11 5
4522 10 4
4523 9 8
4524 3 7
4525 5 15
4526 13 11
4527 8 14
4528 8 11
4529 14 7
4530 10 13
4531 5 4
4532 12 12
4533 3 13
4534 13 11
4535 15 9
4536 3 11
4537 11 9
4538 7 10
4539 3 15
4540 9 4
4541 6 8
4542 3 11
4543 3 12
4544 15 11
4545 14 15
4546 8 7
4547 9 12
4548 12 2
4549 3 5
4550 15 4
4551 11 14
4552 12 14
4553 2 14
4554 4 12
4555 4 9
4556 10 6
4557 8 11
4558 11 9
4559 5 5
4560 12 7
4561 6 11
4562 14 12
4563 6 8
4564 13 7
4565 3 11
4566 2 11
4567 10 8
4568 15 4
4569 15 6
4570 2 7
4571 10 2
4572 2 13
4573 10 15
4574 7 3
4575 15 6
4576 15 2
4577 5 8
4578 13 11
4579 8 12
4580 7 13
4581 8 8
4582 8 8
4583 10 5
4584 12 4
4585 9 4
4586 5 10
4587 8 15
4588 7 15
4589 8 4
4590 6 15
4591 12 4
4592 4 2
4593 3 12
4594 2 4
4595 13 9
4596 12 8
4597 4 3
4598 4 12
4599 14 8
4600 15 9
4601 14 13
4602 11 8
4603 11 4
4604 9 10
4605 8 10
4606 15 9
4607 8 7
4608 5 4
4609 8 11
4610 2 11
4611 9 15
4612 13 5
4613 13 10
4614 6 8
4615 10 11
4616 7 2
4617 2 11
4618 9 13
4619 7 3
4620 11 9
4621 13 3
4622 4 13
4623 13 10
4624 15 14
4625 14 6
4626 9 10
4627 3 10
4628 11 3
4629 5 9
4630 12 13
4631 12 12
4632 3 12
4633 12 10
4634 14 11
4635 6 11
4636 2 7
4637 10 14
4638 2 9
4639 9 10
4640 9 11
4641 13 7
4642 8 7
4643 14 6
4644 6 4
4645 2 13
4646 11 13
4647 6 13
4648 14 11
4649 6 2
4650 12 9
4651 11 4
4652 11 2
4653 12 6
4654 14 13
4655 11 2
4656 6 9
4657 3 4
4658 10 3
4659 15 14
4660 6 6
4661 4 11
4662 6 6
4663 15 6
4664 2 13
4665 3 11
4666 4 11
4667 13 4
4668 12 9
4669 7 14
4670 4 6
4671 14 13
4672 5 9
4673 4 14
4674 10 15
4675 2 7
4676 3 4
4677 11 15
4678 4 15
4679 9 14
4680 8 14
4681 8 5
4682 12 9
4683 13 12
4684 4 5
4685 11 13
4686 15 7
4687 2 12
4688 6 14
4689 15 3
4690 2 4
4691 9 8
4692 9 6
4693 9 13
4694 14 10
4695 5 8
4696 12 13
4697 8 9
4698 6 4
4699 10 15
4700 8 2
4701 6 14
4702 9 8
4703 12 7
4704 10 12
4705 2 3
4706 10 12
4707 7 15
4708 8 11
4709 12 15
4710 6 7
4711 6 6
4712 14 3
4713 6 12
4714 11 8
4715 9 14
4716 12 13
4717 5 13
4718 12 11
4719 14 5
4720 10 7
4721 12 13
4722 4 7
4723 10 2
4724 12 2
4725 15 3
4726 2 8
4727 3 10
4728 3 12
4729 9 7
4730 5 13
4731 6 6
4732 5 2
4733 2 11
4734 3 2
4735 11 12
4736 15 5
4737 11 12
4738 3 13
4739 3 3
4740 15 11
4741 4 8
4742 12 14
4743 12 11
4744 14 4
4745 3 13
4746 4 6
4747 6 9
4748 12 3
4749 12 9
4750 6 14
4751 8 13
4752 12 14
4753 14 7
4754 6 4
4755 14 3
4756 6 14
4757 2 8
4758 8 7
4759 2 6
4760 15 6
4761 4 9
4762 3 9
4763 5 11
4764 8 4
4765 12 9
4766 3 4
4767 10 14
4768 8 5
4769 11 12
4770 3 9
4771 13 6
4772 3 2
4773 3 3
4774 11 13
4775 6 14
4776 9 2
4777 9 4
4778 12 12
4779 2 2
4780 12 8
4781 6 4
4782 13 7
4783 8 11
4784 2 10
4785 13 14
4786 9 9
4787 8 8
4788 15 13
4789 14 14
4790 14 3
4791 10 5
4792 2 8
4793 13 15
4794 14 9
4795 3 11
4796 10 7
4797 7 12
4798 6 8
4799 2 12
4800 12 3
4801 7 10
4802 15 7
4803 3 15
4804 9 14
4805 14 6
4806 12 5
4807 4 10
4808 2 8
4809 12 5
4810 6 13
4811 8 3
4812 12 13
4813 7 9
4814 3 12
4815 9 13
4816 5 4
4817 2 5
4818 2 13
4819 11 5
4820 9 8
4821 3 14
4822 10 12
4823 6 9
4824 10 15
4825 14 9
4826 2 2
4827 7 2
4828 7 14
4829 13 2
4830 8 3
4831 5 14
4832 12 12
4833 10 9
4834 12 15
4835 15 10
4836 4 13
4837 11 5
4838 3 2
4839 13 4
4840 9 12
4841 2 9
4842 11 2
4843 5 13
4844 12 4
4845 2 4
4846 12 2
4847 6 15
4848 14 3
4849 9 11
4850 4 15
4851 11 3
4852 15 15
4853 3 3
4854 9 11
4855 14 11
4856 5 3
4857 14 5
4858 8 7
4859 14 15
4860 13 12
4861 8 7
4862 3 12
4863 11 10
4864 4 7
4865 15 14
4866 5 14
4867 2 11
4868 4 7
4869 3 3
4870 6 4
4871 14 8
4872 4 13
4873 7 10
4874 4 9
4875 5 11
4876 2 4
4877 3 14
4878 15 12
4879 11 8
4880 14 4
4881 2 9
4882 3 2
4883 2 4
4884 3 13
4885 12 11
4886 6 8
4887 13 14
4888 14 14
4889 9 13
4890 4 5
4891 4 12
4892 6 10
4893 9 8
4894 5 4
4895 11 13
4896 2 11
4897 4 13
4898 9 11
4899 3 12
4900 15 14
4901 6 7
4902 8 2
4903 10 5
4904 5 3
4905 10 3
4906 11 7
4907 15 14
4908 10 10
4909 5 9
4910 14 12
4911 12 5
4912 6 2
4913 5 3
4914 14 4
4915 12 15
4916 9 9
4917 4 4
4918 12 2
4919 2 12
4920 7 6
4921 5 8
4922 6 7
4923 11 14
4924 14 9
4925 2 3
4926 13 2
4927 10 4
4928 4 14
4929 2 9
4930 10 3
4931 3 5
4932 13 9
4933 11 11
4934 7 8
4935 5 13
4936 12 7
4937 5 14
4938 3 7
4939 5 3
4940 5 13
4941 8 15
4942 5 8
4943 5 3
4944 9 11
4945 9 2
4946 8 4
4947 5 11
4948 9 4
4949 8 7
4950 4 9
4951 13 5
4952 12 7
4953 6 5
4954 7 4
4955 2 13
4956 11 2
4957 6 4
4958 3 15
4959 9 9
4960 8 4
4961 14 7
4962 5 6
4963 11 4
4964 14 14
4965 12 11
4966 4 11
4967 10 15
4968 5 3
4969 8 15
4970 10 9
4971 15 5
4972 11 9
4973 15 9
4974 6 2
4975 13 8
4976 13 15
4977 5 5
4978 7 8
4979 11 5
4980 11 4
4981 11 2
4982 8 2
4983 2 9
4984 13 14
4985 10 2
4986 8 10
4987 8 9
4988 14 14
4989 13 15
4990 3 9
4991 9 5
4992 3 10
4993 14 2
4994 13 13
4995 8 5
4996 4 7
4997 6 5
4998 12 3
4999 2 9
5000 12 6
