10
30 13 5
18 17 8
14 13 15
27 12 14
23 11 5
12 16 8
26 29 5
27 16 15
27 23 8
24 28 9

200
1 14 15
2 2 14
3 14 4
4 13 8
5 7 6
6 4 5
7 14 7
8 3 3
9 8 3
10 7 15
11 7 11
12 6 14
13 2 13
14 9 10
15 3 8
16 3 10
17 6 15
18 12 11
19 15 7
20 11 5
21 13 3
22 2 12
23 5 14
24 6 3
25 15 5
26 15 3
27 8 6
28 9 12
29 15 7
30 4 7
31 7 5
32 12 6
33 13 12
34 12 3
35 11 12
36 4 10
37 13 5
38 4 9
39 8 6
40 12 13
41 10 5
42 12 7
43 15 14
44 14 2
45 5 15
46 2 14
47 7 8
48 6 3
49 5 11
50 13 7
51 5 12
52 9 8
53 12 9
54 4 6
55 4 5
56 13 10
57 10 6
58 13 11
59 8 11
60 8 7
61 5 4
62 10 9
63 3 14
64 2 15
65 3 4
66 12 4
67 14 12
68 8 11
69 3 8
70 8 11
71 9 10
72 6 10
73 15 2
74 12 13
75 3 12
76 10 14
77 6 14
78 12 7
79 3 6
80 8 4
81 9 2
82 13 13
83 6 10
84 14 4
85 10 3
86 15 12
87 6 15
88 12 10
89 11 5
90 4 7
91 14 4
92 10 14
93 10 2
94 11 7
95 9 2
96 3 7
97 15 14
98 6 5
99 2 5
100 11 3
101 3 13
102 9 15
103 3 14
104 10 14
105 4 4
106 12 9
107 10 4
108 6 10
109 15 11
110 8 5
111 10 14
112 13 13
113 5 13
114 6 8
115 12 12
116 7 9
117 10 9
118 3 5
119 5 3
120 7 2
121 11 10
122 5 11
123 5 2
124 3 13
125 12 2
126 5 3
127 2 15
128 7 3
129 10 5
130 6 12
131 9 5
132 10 4
133 13 11
134 11 9
135 5 14
136 9 14
137 8 5
138 3 3
139 12 8
140 7 8
141 8 9
142 15 13
143 2 12
144 12 12
145 3 2
146 8 13
147 7 14
148 15 3
149 5 5
150 5 10
151 9 4
152 8 4
153 6 9
154 5 15
155 3 9
156 14 15
157 15 10
158 3 2
159 12 10
160 15 2
161 3 14
162 15 5
163 4 8
164 9 9
165 5 15
166 8 2
167 4 8
168 2 8
169 6 14
170 14 9
171 6 8
172 13 13
173 14 10
174 12 13
175 9 4
176 5 6
177 5 2
178 11 13
179 10 2
180 13 7
181 2 2
182 11 9
183 10 15
184 10 4
185 2 10
186 3 15
187 4 3
188 11 3
189 12 15
190 5 8
191 3 11
192 5 11
193 11 2
194 11 3
195 8 12
196 11 11
197 10 7
198 6 5
199 12 13
200 7 5
