15
11 18 6
23 18 6
11 22 13
27 20 10
11 15 7
20 27 10
17 15 5
23 12 14
22 12 5
20 24 6
11 12 15
14 14 5
19 23 14
25 18 12
11 19 10

500
1 10 14
2 9 5
3 15 11
4 12 10
5 11 14
6 7 2
7 8 14
8 12 10
9 8 12
10 10 12
11 14 12
12 11 15
13 9 10
14 12 8
15 7 10
16 2 15
17 14 12
18 4 13
19 15 3
20 9 12
21 6 4
22 7 7
23 10 8
24 3 13
25 9 8
26 11 14
27 7 2
28 5 11
29 3 15
30 12 7
31 2 7
32 5 8
33 10 10
34 13 15
35 2 12
36 6 9
37 14 12
38 13 5
39 10 9
40 4 4
41 10 9
42 8 14
43 9 2
44 2 4
45 9 5
46 2 6
47 14 7
48 12 6
49 8 12
50 8 2
51 3 11
52 3 10
53 7 13
54 3 3
55 8 2
56 14 10
57 8 3
58 10 13
59 12 8
60 2 7
61 6 9
62 2 14
63 10 7
64 8 7
65 2 12
66 12 4
67 8 3
68 13 15
69 12 4
70 7 12
71 5 13
72 3 15
73 12 2
74 14 10
75 8 10
76 6 4
77 12 14
78 6 14
79 15 8
80 7 4
81 10 7
82 10 3
83 12 4
84 14 11
85 8 8
86 2 13
87 4 9
88 12 2
89 7 9
90 15 13
91 13 13
92 13 12
93 9 6
94 8 14
95 14 2
96 4 10
97 7 15
98 10 10
99 10 4
100 7 10
101 3 10
102 13 7
103 5 11
104 7 3
105 6 10
106 5 5
107 7 6
108 8 2
109 10 3
110 5 10
111 5 14
112 2 5
113 6 11
114 5 3
115 11 7
116 3 7
117 10 10
118 4 14
119 10 4
120 14 9
121 9 13
122 8 14
123 2 6
124 13 15
125 15 11
126 15 9
127 7 8
128 5 15
129 10 4
130 11 12
131 2 14
132 14 11
133 11 9
134 7 13
135 11 3
136 13 2
137 7 15
138 9 7
139 12 15
140 8 7
141 7 5
142 14 9
143 7 14
144 14 5
145 15 4
146 8 14
147 2 15
148 8 8
149 10 6
150 15 4
151 15 10
152 8 7
153 3 6
154 3 6
155 10 15
156 11 7
157 2 8
158 2 11
159 8 6
160 3 9
161 11 14
162 13 7
163 5 12
164 9 6
165 15 9
166 11 11
167 7 5
168 13 9
169 10 11
170 6 7
171 2 4
172 3 2
173 8 12
174 9 13
175 4 9
176 10 2
177 9 10
178 4 7
179 15 7
180 5 11
181 15 2
182 9 10
183 11 14
184 6 13
185 11 2
186 7 13
187 8 5
188 13 3
189 15 6
190 6 4
191 8 7
192 8 2
193 11 2
194 9 12
195 4 5
196 2 6
197 10 4
198 14 13
199 10 15
200 5 6
201 9 15
202 9 5
203 6 10
204 3 3
205 9 11
206 10 10
207 6 14
208 5 10
209 3 12
210 8 8
211 14 14
212 9 3
213 2 11
214 8 14
215 12 8
216 10 7
217 4 9
218 4 5
219 5 5
220 2 5
221 5 3
222 8 2
223 2 8
224 12 7
225 10 2
226 2 5
227 13 15
228 8 13
229 6 4
230 6 3
231 6 12
232 12 15
233 7 5
234 10 2
235 13 7
236 14 4
237 9 5
238 8 5
239 10 12
240 8 8
241 10 5
242 8 3
243 9 15
244 2 6
245 4 9
246 13 13
247 3 4
248 3 9
249 15 7
250 10 11
251 2 9
252 10 7
253 6 7
254 5 8
255 2 3
256 10 15
257 14 3
258 11 12
259 7 13
260 3 14
261 12 5
262 8 4
263 8 4
264 9 4
265 15 15
266 2 4
267 14 14
268 3 7
269 2 3
270 4 5
271 9 8
272 5 12
273 8 2
274 2 4
275 3 9
276 13 3
277 4 12
278 2 7
279 9 14
280 15 5
281 15 5
282 5 14
283 8 7
284 12 4
285 3 12
286 2 6
287 7 12
288 8 7
289 14 5
290 15 2
291 2 10
292 3 3
293 5 6
294 5 4
295 10 14
296 2 14
297 11 14
298 12 15
299 15 10
300 6 8
301 10 7
302 7 12
303 4 15
304 8 2
305 11 6
306 7 7
307 13 15
308 2 14
309 7 10
310 14 2
311 12 6
312 3 8
313 13 4
314 11 7
315 9 15
316 3 13
317 11 13
318 10 5
319 8 12
320 12 3
321 5 5
322 13 7
323 8 14
324 9 6
325 12 10
326 10 4
327 8 2
328 6 13
329 2 14
330 12 12
331 4 14
332 5 7
333 4 3
334 4 13
335 11 3
336 6 3
337 3 7
338 2 6
339 7 4
340 6 8
341 3 11
342 6 10
343 14 10
344 15 3
345 12 10
346 3 7
347 6 14
348 14 12
349 15 14
350 12 6
351 9 5
352 2 3
353 15 3
354 11 3
355 14 9
356 15 8
357 15 7
358 12 4
359 15 4
360 8 2
361 8 5
362 5 2
363 14 8
364 4 14
365 15 3
366 4 10
367 6 8
368 4 14
369 8 15
370 6 3
371 15 2
372 3 14
373 11 8
374 6 11
375 2 12
376 12 10
377 13 5
378 6 6
379 11 10
380 14 12
381 7 2
382 12 4
383 6 6
384 5 8
385 5 9
386 2 8
387 3 15
388 14 14
389 4 4
390 12 2
391 10 5
392 15 3
393 9 11
394 5 8
395 11 13
396 15 15
397 8 13
398 10 7
399 3 15
400 15 5
401 3 9
402 2 10
403 6 13
404 2 5
405 12 2
406 4 15
407 12 10
408 3 13
409 2 15
410 8 14
411 13 9
412 11 8
413 7 12
414 4 12
415 12 8
416 8 12
417 12 3
418 3 2
419 5 4
420 12 14
421 12 4
422 14 13
423 12 11
424 6 7
425 10 8
426 13 6
427 6 8
428 15 4
429 10 10
430 15 12
431 10 3
432 15 2
433 11 11
434 13 4
435 10 14
436 11 12
437 11 3
438 9 12
439 5 12
440 14 15
441 10 9
442 2 7
443 6 14
444 14 9
445 7 12
446 13 6
447 15 10
448 14 11
449 11 12
450 14 7
451 5 4
452 2 7
453 2 11
454 3 9
455 14 7
456 14 8
457 12 4
458 3 12
459 11 3
460 5 11
461 8 4
462 10 12
463 13 3
464 14 9
465 10 14
466 5 12
467 14 10
468 9 7
469 7 11
470 12 15
471 8 14
472 14 12
473 6 7
474 12 9
475 4 5
476 3 13
477 13 15
478 2 13
479 10 13
480 14 4
481 7 2
482 4 4
483 14 12
484 4 12
485 12 8
486 13 14
487 4 14
488 10 5
489 10 12
490 4 14
491 9 10
492 12 2
493 9 4
494 6 7
495 12 10
496 12 9
497 5 3
498 8 13
499 15 9
500 8 7
